device_id,timestamp,sdk_timestamp,temperature,humidity,created_at
b387e837-d459-4d5d-b734-d01a28394c75,1641229179,1641237225,24.4,56,2022-01-03 19:17:06 UTC
b387e837-d459-4d5d-b734-d01a28394c75,1641229179,1641244745,24.4,56,2022-01-03 21:21:14 UTC
b387e837-d459-4d5d-b734-d01a28394c75,1641229179,1641230592,24.4,56,2022-01-03 17:25:10 UTC
b387e837-d459-4d5d-b734-d01a28394c75,1641229179,1641229179,24.4,56,2022-01-03 17:01:08 UTC
b387e837-d459-4d5d-b734-d01a28394c75,1641229179,1641234504,24.4,56,2022-01-03 18:29:09 UTC
b387e837-d459-4d5d-b734-d01a28394c75,1641229179,1641232356,24.4,56,2022-01-03 17:53:31 UTC
b387e837-d459-4d5d-b734-d01a28394c75,1641229179,1641240555,24.4,56,2022-01-03 20:10:23 UTC
b387e837-d459-4d5d-b734-d01a28394c75,1641229179,1641249928,24.4,56,2022-01-03 22:49:14 UTC
b387e837-d459-4d5d-b734-d01a28394c75,1641229119,1641229119,24.4,56,2022-01-03 17:01:08 UTC
b387e837-d459-4d5d-b734-d01a28394c75,1641229119,1641232272,24.4,56,2022-01-03 17:52:09 UTC
b387e837-d459-4d5d-b734-d01a28394c75,1641229119,1641230520,24.4,56,2022-01-03 17:25:10 UTC
b387e837-d459-4d5d-b734-d01a28394c75,1641229119,1641234408,24.4,56,2022-01-03 18:28:09 UTC
b387e837-d459-4d5d-b734-d01a28394c75,1641229059,1641234264,24.4,56,2022-01-03 18:25:09 UTC
b387e837-d459-4d5d-b734-d01a28394c75,1641229059,1641236904,24.4,56,2022-01-03 19:09:32 UTC
b387e837-d459-4d5d-b734-d01a28394c75,1641229059,1641244276,24.4,56,2022-01-03 21:12:14 UTC
b387e837-d459-4d5d-b734-d01a28394c75,1641229059,1641240171,24.4,56,2022-01-03 20:04:57 UTC
b387e837-d459-4d5d-b734-d01a28394c75,1641229059,1641249341,24.4,56,2022-01-03 22:37:14 UTC
b387e837-d459-4d5d-b734-d01a28394c75,1641229059,1641230436,24.4,56,2022-01-03 17:21:10 UTC
b387e837-d459-4d5d-b734-d01a28394c75,1641229059,1641232163,24.4,56,2022-01-03 17:50:09 UTC
b387e837-d459-4d5d-b734-d01a28394c75,1641228999,1641232080,24.4,56,2022-01-03 17:50:09 UTC
b387e837-d459-4d5d-b734-d01a28394c75,1641228999,1641234168,24.4,56,2022-01-03 18:25:09 UTC
b387e837-d459-4d5d-b734-d01a28394c75,1641228999,1641230364,24.4,56,2022-01-03 17:21:10 UTC
b387e837-d459-4d5d-b734-d01a28394c75,1641228939,1641230292,24.4,56,2022-01-03 17:21:09 UTC
b387e837-d459-4d5d-b734-d01a28394c75,1641228939,1641228939,24.4,56,2022-01-03 16:56:56 UTC
b387e837-d459-4d5d-b734-d01a28394c75,1641228939,1641231995,24.4,56,2022-01-03 17:47:31 UTC
b387e837-d459-4d5d-b734-d01a28394c75,1641228939,1641234048,24.4,56,2022-01-03 18:21:31 UTC
b387e837-d459-4d5d-b734-d01a28394c75,1641228879,1641248621,24.5,56,2022-01-03 22:25:12 UTC
b387e837-d459-4d5d-b734-d01a28394c75,1641228879,1641228879,24.5,56,2022-01-03 16:55:31 UTC
b387e837-d459-4d5d-b734-d01a28394c75,1641228879,1641243672,24.5,56,2022-01-03 21:03:32 UTC
b387e837-d459-4d5d-b734-d01a28394c75,1641228879,1641231911,24.5,56,2022-01-03 17:46:19 UTC
b387e837-d459-4d5d-b734-d01a28394c75,1641228879,1641233952,24.5,56,2022-01-03 18:20:20 UTC
b387e837-d459-4d5d-b734-d01a28394c75,1641228879,1641239692,24.5,56,2022-01-03 19:56:11 UTC
b387e837-d459-4d5d-b734-d01a28394c75,1641228879,1641236519,24.5,56,2022-01-03 19:03:09 UTC
b387e837-d459-4d5d-b734-d01a28394c75,1641228879,1641230221,24.5,56,2022-01-03 17:17:32 UTC
b387e837-d459-4d5d-b734-d01a28394c75,1641228819,1641230136,24.5,56,2022-01-03 17:16:10 UTC
b387e837-d459-4d5d-b734-d01a28394c75,1641228819,1641254283,24.5,56,2022-01-03 23:58:58 UTC
b387e837-d459-4d5d-b734-d01a28394c75,1641228819,1641228819,24.5,56,2022-01-03 16:55:31 UTC
b387e837-d459-4d5d-b734-d01a28394c75,1641228819,1641243366,24.5,56,2022-01-03 20:58:02 UTC
b387e837-d459-4d5d-b734-d01a28394c75,1641228819,1641248261,24.5,56,2022-01-03 22:18:14 UTC
b387e837-d459-4d5d-b734-d01a28394c75,1641228819,1641231791,24.5,56,2022-01-03 17:44:10 UTC
b387e837-d459-4d5d-b734-d01a28394c75,1641228819,1641239475,24.5,56,2022-01-03 19:52:48 UTC
b387e837-d459-4d5d-b734-d01a28394c75,1641228819,1641261835,24.5,56,2022-01-04 02:04:48 UTC
b387e837-d459-4d5d-b734-d01a28394c75,1641228759,1641239271,24.5,56,2022-01-03 19:49:11 UTC
b387e837-d459-4d5d-b734-d01a28394c75,1641228759,1641253909,24.5,56,2022-01-03 23:54:57 UTC
b387e837-d459-4d5d-b734-d01a28394c75,1641228759,1641228759,24.5,56,2022-01-03 16:53:10 UTC
b387e837-d459-4d5d-b734-d01a28394c75,1641228759,1641230053,24.5,56,2022-01-03 17:16:10 UTC
b387e837-d459-4d5d-b734-d01a28394c75,1641228759,1641247960,24.5,56,2022-01-03 22:13:36 UTC
b387e837-d459-4d5d-b734-d01a28394c75,1641228759,1641236160,24.5,56,2022-01-03 18:57:10 UTC
b387e837-d459-4d5d-b734-d01a28394c75,1641228759,1641243114,24.5,56,2022-01-03 20:53:40 UTC
b387e837-d459-4d5d-b734-d01a28394c75,1641228759,1641233676,24.5,56,2022-01-03 18:15:32 UTC
b387e837-d459-4d5d-b734-d01a28394c75,1641228759,1641231684,24.5,56,2022-01-03 17:42:19 UTC
b387e837-d459-4d5d-b734-d01a28394c75,1641228699,1641260933,24.5,57,2022-01-04 01:54:59 UTC
b387e837-d459-4d5d-b734-d01a28394c75,1641228699,1641242875,24.5,57,2022-01-03 20:53:39 UTC
b387e837-d459-4d5d-b734-d01a28394c75,1641228699,1641231565,24.5,57,2022-01-03 17:40:10 UTC
b387e837-d459-4d5d-b734-d01a28394c75,1641228699,1641236005,24.5,57,2022-01-03 18:54:32 UTC
b387e837-d459-4d5d-b734-d01a28394c75,1641228699,1641247660,24.5,57,2022-01-03 22:08:24 UTC
b387e837-d459-4d5d-b734-d01a28394c75,1641228699,1641260933,24.5,57,2022-01-04 01:54:40 UTC
b387e837-d459-4d5d-b734-d01a28394c75,1641228699,1641253540,24.5,57,2022-01-03 23:47:12 UTC
b387e837-d459-4d5d-b734-d01a28394c75,1641228699,1641228699,24.5,57,2022-01-03 16:53:10 UTC
b387e837-d459-4d5d-b734-d01a28394c75,1641228699,1641233545,24.5,57,2022-01-03 18:13:09 UTC
b387e837-d459-4d5d-b734-d01a28394c75,1641228639,1641228639,24.5,57,2022-01-03 16:51:38 UTC
b387e837-d459-4d5d-b734-d01a28394c75,1641228639,1641231445,24.5,57,2022-01-03 17:39:10 UTC
b387e837-d459-4d5d-b734-d01a28394c75,1641228639,1641235825,24.5,57,2022-01-03 18:53:09 UTC
b387e837-d459-4d5d-b734-d01a28394c75,1641228639,1641229884,24.5,57,2022-01-03 17:13:56 UTC
b387e837-d459-4d5d-b734-d01a28394c75,1641228639,1641238840,24.5,57,2022-01-03 19:43:47 UTC
b387e837-d459-4d5d-b734-d01a28394c75,1641228639,1641242598,24.5,57,2022-01-03 20:45:40 UTC
b387e837-d459-4d5d-b734-d01a28394c75,1641228579,1641228579,24.5,57,2022-01-03 16:50:24 UTC
b387e837-d459-4d5d-b734-d01a28394c75,1641228519,1641228519,24.6,57,2022-01-03 16:50:24 UTC
b387e837-d459-4d5d-b734-d01a28394c75,1641228399,1641228399,24.7,58,2022-01-03 16:47:22 UTC
b387e837-d459-4d5d-b734-d01a28394c75,1641228339,1641241831,24.7,58,2022-01-03 20:33:39 UTC
b387e837-d459-4d5d-b734-d01a28394c75,1641228339,1641235320,24.7,58,2022-01-03 18:43:09 UTC
b387e837-d459-4d5d-b734-d01a28394c75,1641228339,1641229621,24.7,58,2022-01-03 17:08:31 UTC
b387e837-d459-4d5d-b734-d01a28394c75,1641228339,1641232992,24.7,58,2022-01-03 18:04:09 UTC
b387e837-d459-4d5d-b734-d01a28394c75,1641228339,1641231131,24.7,58,2022-01-03 17:33:10 UTC
b387e837-d459-4d5d-b734-d01a28394c75,1641228339,1641246400,24.7,58,2022-01-03 21:50:14 UTC
b387e837-d459-4d5d-b734-d01a28394c75,1641228339,1641228339,24.7,58,2022-01-03 16:46:09 UTC
b387e837-d459-4d5d-b734-d01a28394c75,1641228279,1641241578,24.7,58,2022-01-03 20:27:01 UTC
b387e837-d459-4d5d-b734-d01a28394c75,1641228279,1641232872,24.7,58,2022-01-03 18:02:09 UTC
b387e837-d459-4d5d-b734-d01a28394c75,1641228279,1641238034,24.7,58,2022-01-03 19:28:11 UTC
b387e837-d459-4d5d-b734-d01a28394c75,1641228279,1641235164,24.7,58,2022-01-03 18:40:32 UTC
b387e837-d459-4d5d-b734-d01a28394c75,1641228279,1641231034,24.7,58,2022-01-03 17:31:09 UTC
b387e837-d459-4d5d-b734-d01a28394c75,1641228279,1641228279,24.7,58,2022-01-03 16:46:09 UTC
b387e837-d459-4d5d-b734-d01a28394c75,1641228219,1641230963,24.7,58,2022-01-03 17:31:09 UTC
b387e837-d459-4d5d-b734-d01a28394c75,1641228219,1641232788,24.7,58,2022-01-03 18:00:31 UTC
b387e837-d459-4d5d-b734-d01a28394c75,1641228219,1641228219,24.7,58,2022-01-03 16:44:32 UTC
b387e837-d459-4d5d-b734-d01a28394c75,1641228159,1641230868,24.7,59,2022-01-03 17:31:09 UTC
b387e837-d459-4d5d-b734-d01a28394c75,1641228159,1641229406,24.7,59,2022-01-03 17:04:09 UTC
b387e837-d459-4d5d-b734-d01a28394c75,1641228099,1641257401,24.7,59,2022-01-04 00:52:40 UTC
b387e837-d459-4d5d-b734-d01a28394c75,1641228099,1641234804,24.7,59,2022-01-03 18:34:09 UTC
b387e837-d459-4d5d-b734-d01a28394c75,1641228099,1641237601,24.7,59,2022-01-03 19:20:57 UTC
b387e837-d459-4d5d-b734-d01a28394c75,1641228099,1641229345,24.7,59,2022-01-03 17:04:09 UTC
b387e837-d459-4d5d-b734-d01a28394c75,1641228099,1641230796,24.7,59,2022-01-03 17:27:19 UTC
b387e837-d459-4d5d-b734-d01a28394c75,1641228099,1641250648,24.7,59,2022-01-03 22:59:12 UTC
b387e837-d459-4d5d-b734-d01a28394c75,1641228099,1641232585,24.7,59,2022-01-03 17:57:08 UTC
b387e837-d459-4d5d-b734-d01a28394c75,1641228099,1641228099,24.7,59,2022-01-03 16:43:08 UTC
b387e837-d459-4d5d-b734-d01a28394c75,1641228099,1641245390,24.7,59,2022-01-03 21:31:21 UTC
b387e837-d459-4d5d-b734-d01a28394c75,1641228099,1641241012,24.7,59,2022-01-03 20:17:47 UTC
b387e837-d459-4d5d-b734-d01a28394c75,1641228039,1641237443,24.8,59,2022-01-03 19:18:07 UTC
b387e837-d459-4d5d-b734-d01a28394c75,1641228039,1641228039,24.8,59,2022-01-03 16:41:09 UTC
b387e837-d459-4d5d-b734-d01a28394c75,1641228039,1641245128,24.8,59,2022-01-03 21:29:22 UTC
b387e837-d459-4d5d-b734-d01a28394c75,1641228039,1641234684,24.8,59,2022-01-03 18:33:09 UTC
b387e837-d459-4d5d-b734-d01a28394c75,1641228039,1641230712,24.8,59,2022-01-03 17:26:10 UTC
b387e837-d459-4d5d-b734-d01a28394c75,1641228039,1641229274,24.8,59,2022-01-03 17:04:09 UTC
b387e837-d459-4d5d-b734-d01a28394c75,1641228039,1641240819,24.8,59,2022-01-03 20:14:35 UTC
b387e837-d459-4d5d-b734-d01a28394c75,1641228039,1641250349,24.8,59,2022-01-03 22:53:00 UTC
b387e837-d459-4d5d-b734-d01a28394c75,1641227979,1641229203,24.8,59,2022-01-03 17:01:08 UTC
b387e837-d459-4d5d-b734-d01a28394c75,1641227979,1641227979,24.8,59,2022-01-03 16:41:09 UTC
b387e837-d459-4d5d-b734-d01a28394c75,1641227979,1641230628,24.8,59,2022-01-03 17:25:10 UTC
b387e837-d459-4d5d-b734-d01a28394c75,1641227919,1641234420,24.8,60,2022-01-03 18:28:09 UTC
b387e837-d459-4d5d-b734-d01a28394c75,1641227919,1641244577,24.8,60,2022-01-03 21:18:00 UTC
b387e837-d459-4d5d-b734-d01a28394c75,1641227919,1641240422,24.8,60,2022-01-03 20:08:58 UTC
b387e837-d459-4d5d-b734-d01a28394c75,1641227919,1641227919,24.8,60,2022-01-03 16:39:31 UTC
b387e837-d459-4d5d-b734-d01a28394c75,1641227919,1641230532,24.8,60,2022-01-03 17:25:10 UTC
b387e837-d459-4d5d-b734-d01a28394c75,1641227919,1641256203,24.8,60,2022-01-04 00:31:49 UTC
b387e837-d459-4d5d-b734-d01a28394c75,1641227919,1641232284,24.8,60,2022-01-03 17:52:09 UTC
b387e837-d459-4d5d-b734-d01a28394c75,1641227859,1641229057,24.8,60,2022-01-03 16:58:08 UTC
b387e837-d459-4d5d-b734-d01a28394c75,1641227859,1641227859,24.8,60,2022-01-03 16:38:19 UTC
b387e837-d459-4d5d-b734-d01a28394c75,1641227799,1641227799,24.9,60,2022-01-03 16:37:10 UTC
b387e837-d459-4d5d-b734-d01a28394c75,1641227799,1641230352,24.9,60,2022-01-03 17:21:10 UTC
b387e837-d459-4d5d-b734-d01a28394c75,1641227799,1641232068,24.9,60,2022-01-03 17:50:09 UTC
b387e837-d459-4d5d-b734-d01a28394c75,1641227799,1641228985,24.9,60,2022-01-03 16:56:56 UTC
b387e837-d459-4d5d-b734-d01a28394c75,1641227739,1641227739,24.9,60,2022-01-03 16:37:10 UTC
b387e837-d459-4d5d-b734-d01a28394c75,1641227739,1641239716,24.9,60,2022-01-03 19:56:11 UTC
b387e837-d459-4d5d-b734-d01a28394c75,1641227739,1641231935,24.9,60,2022-01-03 17:46:19 UTC
b387e837-d459-4d5d-b734-d01a28394c75,1641227739,1641228900,24.9,60,2022-01-03 16:55:31 UTC
b387e837-d459-4d5d-b734-d01a28394c75,1641227739,1641230256,24.9,60,2022-01-03 17:21:09 UTC
b387e837-d459-4d5d-b734-d01a28394c75,1641227739,1641233975,24.9,60,2022-01-03 18:20:20 UTC
b387e837-d459-4d5d-b734-d01a28394c75,1641227739,1641236543,24.9,60,2022-01-03 19:03:09 UTC
b387e837-d459-4d5d-b734-d01a28394c75,1641227679,1641228828,24.9,61,2022-01-03 16:55:31 UTC
b387e837-d459-4d5d-b734-d01a28394c75,1641227679,1641227679,24.9,61,2022-01-03 16:37:10 UTC
b387e837-d459-4d5d-b734-d01a28394c75,1641227619,1641261283,25.0,61,2022-01-04 01:58:40 UTC
b387e837-d459-4d5d-b734-d01a28394c75,1641227619,1641253836,25.0,61,2022-01-03 23:54:57 UTC
b387e837-d459-4d5d-b734-d01a28394c75,1641227619,1641239223,25.0,61,2022-01-03 19:47:48 UTC
b387e837-d459-4d5d-b734-d01a28394c75,1641227619,1641243055,25.0,61,2022-01-03 20:53:39 UTC
b387e837-d459-4d5d-b734-d01a28394c75,1641227619,1641233641,25.0,61,2022-01-03 18:15:32 UTC
b387e837-d459-4d5d-b734-d01a28394c75,1641227619,1641236135,25.0,61,2022-01-03 18:57:10 UTC
b387e837-d459-4d5d-b734-d01a28394c75,1641227619,1641228741,25.0,61,2022-01-03 16:53:10 UTC
b387e837-d459-4d5d-b734-d01a28394c75,1641227619,1641247889,25.0,61,2022-01-03 22:13:36 UTC
b387e837-d459-4d5d-b734-d01a28394c75,1641227619,1641227619,25.0,61,2022-01-03 16:37:09 UTC
b387e837-d459-4d5d-b734-d01a28394c75,1641227559,1641233472,25.0,61,2022-01-03 18:12:09 UTC
b387e837-d459-4d5d-b734-d01a28394c75,1641227559,1641247505,25.0,61,2022-01-03 22:07:14 UTC
b387e837-d459-4d5d-b734-d01a28394c75,1641227559,1641229933,25.0,61,2022-01-03 17:13:56 UTC
b387e837-d459-4d5d-b734-d01a28394c75,1641227559,1641228667,25.0,61,2022-01-03 16:51:38 UTC
b387e837-d459-4d5d-b734-d01a28394c75,1641227559,1641253396,25.0,61,2022-01-03 23:45:11 UTC
b387e837-d459-4d5d-b734-d01a28394c75,1641227559,1641231516,25.0,61,2022-01-03 17:39:10 UTC
b387e837-d459-4d5d-b734-d01a28394c75,1641227559,1641227559,25.0,61,2022-01-03 16:33:39 UTC
b387e837-d459-4d5d-b734-d01a28394c75,1641227559,1641235920,25.0,61,2022-01-03 18:53:09 UTC
b387e837-d459-4d5d-b734-d01a28394c75,1641227559,1641238960,25.0,61,2022-01-03 19:43:47 UTC
b387e837-d459-4d5d-b734-d01a28394c75,1641227559,1641260741,25.0,61,2022-01-04 01:54:40 UTC
b387e837-d459-4d5d-b734-d01a28394c75,1641227559,1641242743,25.0,61,2022-01-03 20:53:39 UTC
b387e837-d459-4d5d-b734-d01a28394c75,1641227559,1641260741,25.0,61,2022-01-04 01:54:59 UTC
b387e837-d459-4d5d-b734-d01a28394c75,1641227499,1641227499,25.0,62,2022-01-03 16:32:12 UTC
b387e837-d459-4d5d-b734-d01a28394c75,1641227499,1641242358,25.0,62,2022-01-03 20:39:49 UTC
b387e837-d459-4d5d-b734-d01a28394c75,1641227499,1641229801,25.0,62,2022-01-03 17:10:32 UTC
b387e837-d459-4d5d-b734-d01a28394c75,1641227439,1641227438,25.0,62,2022-01-03 16:32:12 UTC
b387e837-d459-4d5d-b734-d01a28394c75,1641227379,1641228411,25.1,62,2022-01-03 16:47:22 UTC
b387e837-d459-4d5d-b734-d01a28394c75,1641227319,1641231108,25.1,63,2022-01-03 17:33:10 UTC
b387e837-d459-4d5d-b734-d01a28394c75,1641227319,1641228325,25.1,63,2022-01-03 16:46:09 UTC
b387e837-d459-4d5d-b734-d01a28394c75,1641227259,1641251440,25.1,63,2022-01-03 23:11:13 UTC
b387e837-d459-4d5d-b734-d01a28394c75,1641227259,1641258366,25.1,63,2022-01-04 01:07:50 UTC
b387e837-d459-4d5d-b734-d01a28394c75,1641227259,1641245969,25.1,63,2022-01-03 21:40:12 UTC
b387e837-d459-4d5d-b734-d01a28394c75,1641227259,1641241504,25.1,63,2022-01-03 20:26:00 UTC
b387e837-d459-4d5d-b734-d01a28394c75,1641227259,1641230999,25.1,63,2022-01-03 17:31:09 UTC
b387e837-d459-4d5d-b734-d01a28394c75,1641227259,1641232835,25.1,63,2022-01-03 18:02:09 UTC
b387e837-d459-4d5d-b734-d01a28394c75,1641227259,1641237963,25.1,63,2022-01-03 19:27:21 UTC
b387e837-d459-4d5d-b734-d01a28394c75,1641227259,1641228241,25.1,63,2022-01-03 16:44:32 UTC
b387e837-d459-4d5d-b734-d01a28394c75,1641227259,1641235105,25.1,63,2022-01-03 18:39:08 UTC
b387e837-d459-4d5d-b734-d01a28394c75,1641227259,1641229524,25.1,63,2022-01-03 17:06:09 UTC
b387e837-d459-4d5d-b734-d01a28394c75,1641227199,1641234961,25.1,63,2022-01-03 18:37:09 UTC
b387e837-d459-4d5d-b734-d01a28394c75,1641227199,1641241274,25.1,63,2022-01-03 20:21:57 UTC
b387e837-d459-4d5d-b734-d01a28394c75,1641227199,1641230892,25.1,63,2022-01-03 17:31:09 UTC
b387e837-d459-4d5d-b734-d01a28394c75,1641227199,1641227198,25.1,63,2022-01-03 16:28:33 UTC
b387e837-d459-4d5d-b734-d01a28394c75,1641227199,1641257944,25.1,63,2022-01-04 01:03:30 UTC
b387e837-d459-4d5d-b734-d01a28394c75,1641227199,1641251057,25.1,63,2022-01-03 23:05:13 UTC
b387e837-d459-4d5d-b734-d01a28394c75,1641227199,1641232716,25.1,63,2022-01-03 17:59:32 UTC
b387e837-d459-4d5d-b734-d01a28394c75,1641227199,1641237793,25.1,63,2022-01-03 19:27:21 UTC
b387e837-d459-4d5d-b734-d01a28394c75,1641227139,1641232573,25.1,64,2022-01-03 17:57:08 UTC
b387e837-d459-4d5d-b734-d01a28394c75,1641227139,1641241000,25.1,64,2022-01-03 20:17:47 UTC
b387e837-d459-4d5d-b734-d01a28394c75,1641227139,1641245377,25.1,64,2022-01-03 21:31:21 UTC
b387e837-d459-4d5d-b734-d01a28394c75,1641227139,1641229333,25.1,64,2022-01-03 17:04:09 UTC
b387e837-d459-4d5d-b734-d01a28394c75,1641227139,1641237589,25.1,64,2022-01-03 19:20:57 UTC
b387e837-d459-4d5d-b734-d01a28394c75,1641227139,1641234792,25.1,64,2022-01-03 18:34:09 UTC
b387e837-d459-4d5d-b734-d01a28394c75,1641227139,1641230784,25.1,64,2022-01-03 17:27:19 UTC
b387e837-d459-4d5d-b734-d01a28394c75,1641227139,1641228085,25.1,64,2022-01-03 16:43:08 UTC
b387e837-d459-4d5d-b734-d01a28394c75,1641227139,1641257377,25.1,64,2022-01-04 00:52:40 UTC
b387e837-d459-4d5d-b734-d01a28394c75,1641227139,1641250624,25.1,64,2022-01-03 22:59:12 UTC
b387e837-d459-4d5d-b734-d01a28394c75,1641227079,1641244984,25.1,64,2022-01-03 21:24:16 UTC
b387e837-d459-4d5d-b734-d01a28394c75,1641227079,1641232441,25.1,64,2022-01-03 17:54:44 UTC
b387e837-d459-4d5d-b734-d01a28394c75,1641227079,1641237370,25.1,64,2022-01-03 19:17:07 UTC
b387e837-d459-4d5d-b734-d01a28394c75,1641227079,1641250205,25.1,64,2022-01-03 22:51:14 UTC
b387e837-d459-4d5d-b734-d01a28394c75,1641227079,1641234624,25.1,64,2022-01-03 18:33:09 UTC
b387e837-d459-4d5d-b734-d01a28394c75,1641227079,1641240723,25.1,64,2022-01-03 20:12:47 UTC
b387e837-d459-4d5d-b734-d01a28394c75,1641227079,1641256815,25.1,64,2022-01-04 00:41:53 UTC
b387e837-d459-4d5d-b734-d01a28394c75,1641227079,1641228013,25.1,64,2022-01-03 16:41:09 UTC
b387e837-d459-4d5d-b734-d01a28394c75,1641227079,1641230675,25.1,64,2022-01-03 17:25:10 UTC
b387e837-d459-4d5d-b734-d01a28394c75,1641227019,1641229164,25.1,65,2022-01-03 17:01:08 UTC
b387e837-d459-4d5d-b734-d01a28394c75,1641227019,1641230568,25.1,65,2022-01-03 17:25:10 UTC
b387e837-d459-4d5d-b734-d01a28394c75,1641227019,1641227941,25.1,65,2022-01-03 16:39:31 UTC
b387e837-d459-4d5d-b734-d01a28394c75,1641226959,1641227868,25.1,65,2022-01-03 16:38:19 UTC
b387e837-d459-4d5d-b734-d01a28394c75,1641226959,1641226958,25.1,65,2022-01-03 16:23:10 UTC
b387e837-d459-4d5d-b734-d01a28394c75,1641226899,1641243987,25.1,65,2022-01-03 21:07:14 UTC
b387e837-d459-4d5d-b734-d01a28394c75,1641226899,1641230340,25.1,65,2022-01-03 17:21:10 UTC
b387e837-d459-4d5d-b734-d01a28394c75,1641226899,1641232055,25.1,65,2022-01-03 17:50:09 UTC
b387e837-d459-4d5d-b734-d01a28394c75,1641226899,1641255290,25.1,65,2022-01-04 00:17:58 UTC
b387e837-d459-4d5d-b734-d01a28394c75,1641226899,1641227795,25.1,65,2022-01-03 16:37:10 UTC
b387e837-d459-4d5d-b734-d01a28394c75,1641226899,1641228973,25.1,65,2022-01-03 16:56:56 UTC
b387e837-d459-4d5d-b734-d01a28394c75,1641226899,1641239944,25.1,65,2022-01-03 19:59:47 UTC
b387e837-d459-4d5d-b734-d01a28394c75,1641226899,1641236735,25.1,65,2022-01-03 19:09:32 UTC
b387e837-d459-4d5d-b734-d01a28394c75,1641226899,1641234120,25.1,65,2022-01-03 18:25:09 UTC
b387e837-d459-4d5d-b734-d01a28394c75,1641226899,1641226898,25.1,65,2022-01-03 16:23:09 UTC
b387e837-d459-4d5d-b734-d01a28394c75,1641226839,1641228889,25.2,66,2022-01-03 16:55:31 UTC
b387e837-d459-4d5d-b734-d01a28394c75,1641226839,1641226838,25.2,66,2022-01-03 16:21:20 UTC
b387e837-d459-4d5d-b734-d01a28394c75,1641226839,1641227734,25.2,66,2022-01-03 16:37:10 UTC
b387e837-d459-4d5d-b734-d01a28394c75,1641226779,1641226778,25.1,66,2022-01-03 16:20:10 UTC
b387e837-d459-4d5d-b734-d01a28394c75,1641226779,1641230112,25.1,66,2022-01-03 17:16:10 UTC
b387e837-d459-4d5d-b734-d01a28394c75,1641226779,1641227661,25.1,66,2022-01-03 16:37:10 UTC
b387e837-d459-4d5d-b734-d01a28394c75,1641226779,1641231767,25.1,66,2022-01-03 17:44:10 UTC
b387e837-d459-4d5d-b734-d01a28394c75,1641226779,1641228803,25.1,66,2022-01-03 16:55:31 UTC
b387e837-d459-4d5d-b734-d01a28394c75,1641226719,1641228717,25.2,65,2022-01-03 16:53:10 UTC
b387e837-d459-4d5d-b734-d01a28394c75,1641226719,1641231613,25.2,65,2022-01-03 17:41:10 UTC
b387e837-d459-4d5d-b734-d01a28394c75,1641226719,1641233604,25.2,65,2022-01-03 18:15:32 UTC
b387e837-d459-4d5d-b734-d01a28394c75,1641226719,1641236076,25.2,65,2022-01-03 18:57:09 UTC
b387e837-d459-4d5d-b734-d01a28394c75,1641226719,1641253685,25.2,65,2022-01-03 23:50:06 UTC
b387e837-d459-4d5d-b734-d01a28394c75,1641226719,1641227588,25.2,65,2022-01-03 16:33:39 UTC
b387e837-d459-4d5d-b734-d01a28394c75,1641226719,1641239151,25.2,65,2022-01-03 19:47:48 UTC
b387e837-d459-4d5d-b734-d01a28394c75,1641226719,1641242970,25.2,65,2022-01-03 20:53:39 UTC
b387e837-d459-4d5d-b734-d01a28394c75,1641226719,1641247780,25.2,65,2022-01-03 22:11:00 UTC
b387e837-d459-4d5d-b734-d01a28394c75,1641226719,1641261089,25.2,65,2022-01-04 01:54:40 UTC
b387e837-d459-4d5d-b734-d01a28394c75,1641226719,1641226719,25.2,65,2022-01-03 16:19:10 UTC
b387e837-d459-4d5d-b734-d01a28394c75,1641226719,1641261089,25.2,65,2022-01-04 01:54:59 UTC
b387e837-d459-4d5d-b734-d01a28394c75,1641226719,1641230005,25.2,65,2022-01-03 17:13:56 UTC
b387e837-d459-4d5d-b734-d01a28394c75,1641226659,1641242394,25.2,65,2022-01-03 20:42:01 UTC
b387e837-d459-4d5d-b734-d01a28394c75,1641226659,1641233304,25.2,65,2022-01-03 18:09:32 UTC
b387e837-d459-4d5d-b734-d01a28394c75,1641226659,1641247061,25.2,65,2022-01-03 21:59:14 UTC
b387e837-d459-4d5d-b734-d01a28394c75,1641226659,1641228593,25.2,65,2022-01-03 16:50:24 UTC
b387e837-d459-4d5d-b734-d01a28394c75,1641226659,1641229836,25.2,65,2022-01-03 17:13:56 UTC
b387e837-d459-4d5d-b734-d01a28394c75,1641226659,1641231372,25.2,65,2022-01-03 17:37:09 UTC
b387e837-d459-4d5d-b734-d01a28394c75,1641226659,1641227501,25.2,65,2022-01-03 16:32:12 UTC
b387e837-d459-4d5d-b734-d01a28394c75,1641226659,1641238683,25.2,65,2022-01-03 19:39:11 UTC
b387e837-d459-4d5d-b734-d01a28394c75,1641226659,1641235704,25.2,65,2022-01-03 18:49:09 UTC
b387e837-d459-4d5d-b734-d01a28394c75,1641226659,1641226658,25.2,65,2022-01-03 16:18:10 UTC
b387e837-d459-4d5d-b734-d01a28394c75,1641226599,1641227415,25.2,65,2022-01-03 16:32:12 UTC
b387e837-d459-4d5d-b734-d01a28394c75,1641226599,1641238323,25.2,65,2022-01-03 19:32:58 UTC
b387e837-d459-4d5d-b734-d01a28394c75,1641226599,1641233065,25.2,65,2022-01-03 18:06:09 UTC
b387e837-d459-4d5d-b734-d01a28394c75,1641226599,1641226599,25.2,65,2022-01-03 16:18:10 UTC
b387e837-d459-4d5d-b734-d01a28394c75,1641226599,1641229680,25.2,65,2022-01-03 17:08:31 UTC
b387e837-d459-4d5d-b734-d01a28394c75,1641226599,1641228472,25.2,65,2022-01-03 16:50:24 UTC
b387e837-d459-4d5d-b734-d01a28394c75,1641226599,1641259243,25.2,65,2022-01-04 01:22:38 UTC
b387e837-d459-4d5d-b734-d01a28394c75,1641226599,1641235404,25.2,65,2022-01-03 18:44:09 UTC
b387e837-d459-4d5d-b734-d01a28394c75,1641226599,1641252160,25.2,65,2022-01-03 23:24:14 UTC
b387e837-d459-4d5d-b734-d01a28394c75,1641226599,1641231191,25.2,65,2022-01-03 17:34:31 UTC
b387e837-d459-4d5d-b734-d01a28394c75,1641226599,1641241950,25.2,65,2022-01-03 20:33:39 UTC
b387e837-d459-4d5d-b734-d01a28394c75,1641226539,1641229633,25.2,65,2022-01-03 17:08:31 UTC
b387e837-d459-4d5d-b734-d01a28394c75,1641226539,1641233004,25.2,65,2022-01-03 18:04:09 UTC
b387e837-d459-4d5d-b734-d01a28394c75,1641226539,1641259074,25.2,65,2022-01-04 01:19:09 UTC
b387e837-d459-4d5d-b734-d01a28394c75,1641226539,1641252017,25.2,65,2022-01-03 23:24:13 UTC
b387e837-d459-4d5d-b734-d01a28394c75,1641226539,1641241854,25.2,65,2022-01-03 20:33:39 UTC
b387e837-d459-4d5d-b734-d01a28394c75,1641226539,1641238240,25.2,65,2022-01-03 19:31:46 UTC
b387e837-d459-4d5d-b734-d01a28394c75,1641226539,1641226538,25.2,65,2022-01-03 16:18:10 UTC
b387e837-d459-4d5d-b734-d01a28394c75,1641226539,1641235332,25.2,65,2022-01-03 18:43:09 UTC
b387e837-d459-4d5d-b734-d01a28394c75,1641226539,1641231143,25.2,65,2022-01-03 17:33:10 UTC
b387e837-d459-4d5d-b734-d01a28394c75,1641226479,1641230987,25.2,65,2022-01-03 17:31:09 UTC
b387e837-d459-4d5d-b734-d01a28394c75,1641226479,1641229501,25.2,65,2022-01-03 17:06:09 UTC
b387e837-d459-4d5d-b734-d01a28394c75,1641226479,1641227245,25.2,65,2022-01-03 16:28:33 UTC
b387e837-d459-4d5d-b734-d01a28394c75,1641226479,1641226478,25.2,65,2022-01-03 16:15:25 UTC
b387e837-d459-4d5d-b734-d01a28394c75,1641226419,1641226418,25.2,65,2022-01-03 16:15:25 UTC
b387e837-d459-4d5d-b734-d01a28394c75,1641226359,1641227077,25.2,65,2022-01-03 16:25:08 UTC
b387e837-d459-4d5d-b734-d01a28394c75,1641226299,1641226299,25.2,65,2022-01-03 16:12:57 UTC
b387e837-d459-4d5d-b734-d01a28394c75,1641226299,1641227005,25.2,65,2022-01-03 16:25:08 UTC
b387e837-d459-4d5d-b734-d01a28394c75,1641226299,1641227928,25.2,65,2022-01-03 16:39:31 UTC
b387e837-d459-4d5d-b734-d01a28394c75,1641226239,1641240147,25.2,65,2022-01-03 20:04:57 UTC
b387e837-d459-4d5d-b734-d01a28394c75,1641226239,1641236880,25.2,65,2022-01-03 19:09:32 UTC
b387e837-d459-4d5d-b734-d01a28394c75,1641226239,1641226933,25.2,65,2022-01-03 16:23:09 UTC
b387e837-d459-4d5d-b734-d01a28394c75,1641226239,1641230412,25.2,65,2022-01-03 17:21:10 UTC
b387e837-d459-4d5d-b734-d01a28394c75,1641226239,1641229033,25.2,65,2022-01-03 16:58:08 UTC
b387e837-d459-4d5d-b734-d01a28394c75,1641226239,1641227843,25.2,65,2022-01-03 16:38:19 UTC
b387e837-d459-4d5d-b734-d01a28394c75,1641226239,1641232140,25.2,65,2022-01-03 17:50:09 UTC
b387e837-d459-4d5d-b734-d01a28394c75,1641226239,1641234240,25.2,65,2022-01-03 18:25:09 UTC
b387e837-d459-4d5d-b734-d01a28394c75,1641226239,1641226239,25.2,65,2022-01-03 16:11:10 UTC
b387e837-d459-4d5d-b734-d01a28394c75,1641226179,1641226849,25.2,65,2022-01-03 16:21:20 UTC
b387e837-d459-4d5d-b734-d01a28394c75,1641226179,1641226179,25.2,65,2022-01-03 16:11:10 UTC
b387e837-d459-4d5d-b734-d01a28394c75,1641226179,1641227747,25.2,65,2022-01-03 16:37:10 UTC
b387e837-d459-4d5d-b734-d01a28394c75,1641226119,1641227649,25.2,65,2022-01-03 16:37:10 UTC
b387e837-d459-4d5d-b734-d01a28394c75,1641226119,1641226775,25.2,65,2022-01-03 16:20:10 UTC
b387e837-d459-4d5d-b734-d01a28394c75,1641226119,1641236256,25.2,65,2022-01-03 18:58:32 UTC
b387e837-d459-4d5d-b734-d01a28394c75,1641226119,1641231754,25.2,65,2022-01-03 17:44:10 UTC
b387e837-d459-4d5d-b734-d01a28394c75,1641226119,1641226119,25.2,65,2022-01-03 16:11:09 UTC
b387e837-d459-4d5d-b734-d01a28394c75,1641226119,1641248141,25.2,65,2022-01-03 22:17:14 UTC
b387e837-d459-4d5d-b734-d01a28394c75,1641226119,1641228791,25.2,65,2022-01-03 16:55:31 UTC
b387e837-d459-4d5d-b734-d01a28394c75,1641226119,1641239380,25.2,65,2022-01-03 19:50:47 UTC
b387e837-d459-4d5d-b734-d01a28394c75,1641226119,1641230101,25.2,65,2022-01-03 17:16:10 UTC
b387e837-d459-4d5d-b734-d01a28394c75,1641226059,1641226059,25.2,65,2022-01-03 16:08:31 UTC
b387e837-d459-4d5d-b734-d01a28394c75,1641226059,1641239127,25.2,65,2022-01-03 19:47:48 UTC
b387e837-d459-4d5d-b734-d01a28394c75,1641226059,1641228704,25.2,65,2022-01-03 16:53:10 UTC
b387e837-d459-4d5d-b734-d01a28394c75,1641226059,1641229981,25.2,65,2022-01-03 17:13:56 UTC
b387e837-d459-4d5d-b734-d01a28394c75,1641226059,1641227576,25.2,65,2022-01-03 16:33:39 UTC
b387e837-d459-4d5d-b734-d01a28394c75,1641226059,1641236041,25.2,65,2022-01-03 18:54:32 UTC
b387e837-d459-4d5d-b734-d01a28394c75,1641226059,1641226715,25.2,65,2022-01-03 16:19:10 UTC
b387e837-d459-4d5d-b734-d01a28394c75,1641225999,1641252725,25.3,65,2022-01-03 23:33:14 UTC
b387e837-d459-4d5d-b734-d01a28394c75,1641225999,1641231325,25.3,65,2022-01-03 17:36:09 UTC
b387e837-d459-4d5d-b734-d01a28394c75,1641225999,1641225999,25.3,65,2022-01-03 16:07:10 UTC
b387e837-d459-4d5d-b734-d01a28394c75,1641225999,1641259937,25.3,65,2022-01-04 01:33:50 UTC
b387e837-d459-4d5d-b734-d01a28394c75,1641225999,1641227488,25.3,65,2022-01-03 16:32:12 UTC
b387e837-d459-4d5d-b734-d01a28394c75,1641225999,1641242311,25.3,65,2022-01-03 20:39:49 UTC
b387e837-d459-4d5d-b734-d01a28394c75,1641225999,1641246977,25.3,65,2022-01-03 21:57:14 UTC
b387e837-d459-4d5d-b734-d01a28394c75,1641225999,1641233245,25.3,65,2022-01-03 18:08:08 UTC
b387e837-d459-4d5d-b734-d01a28394c75,1641225999,1641226653,25.3,65,2022-01-03 16:18:10 UTC
b387e837-d459-4d5d-b734-d01a28394c75,1641225999,1641235633,25.3,65,2022-01-03 18:48:09 UTC
b387e837-d459-4d5d-b734-d01a28394c75,1641225999,1641228568,25.3,65,2022-01-03 16:50:24 UTC
b387e837-d459-4d5d-b734-d01a28394c75,1641225999,1641238613,25.3,65,2022-01-03 19:37:47 UTC
b387e837-d459-4d5d-b734-d01a28394c75,1641225939,1641226580,25.3,65,2022-01-03 16:18:10 UTC
b387e837-d459-4d5d-b734-d01a28394c75,1641225939,1641225939,25.3,65,2022-01-03 16:06:10 UTC
b387e837-d459-4d5d-b734-d01a28394c75,1641225939,1641227391,25.3,65,2022-01-03 16:32:12 UTC
b387e837-d459-4d5d-b734-d01a28394c75,1641225939,1641228446,25.3,65,2022-01-03 16:50:24 UTC
b387e837-d459-4d5d-b734-d01a28394c75,1641225879,1641225879,25.2,65,2022-01-03 16:06:09 UTC
b387e837-d459-4d5d-b734-d01a28394c75,1641225879,1641227281,25.2,65,2022-01-03 16:28:33 UTC
b387e837-d459-4d5d-b734-d01a28394c75,1641225879,1641228288,25.2,65,2022-01-03 16:46:09 UTC
b387e837-d459-4d5d-b734-d01a28394c75,1641225879,1641226494,25.2,65,2022-01-03 16:15:25 UTC
b387e837-d459-4d5d-b734-d01a28394c75,1641225819,1641228133,25.3,65,2022-01-03 16:43:08 UTC
b387e837-d459-4d5d-b734-d01a28394c75,1641225819,1641229381,25.3,65,2022-01-03 17:04:09 UTC
b387e837-d459-4d5d-b734-d01a28394c75,1641225819,1641234876,25.3,65,2022-01-03 18:37:09 UTC
b387e837-d459-4d5d-b734-d01a28394c75,1641225819,1641227161,25.3,65,2022-01-03 16:28:33 UTC
b387e837-d459-4d5d-b734-d01a28394c75,1641225819,1641230843,25.3,65,2022-01-03 17:31:09 UTC
b387e837-d459-4d5d-b734-d01a28394c75,1641225819,1641237674,25.3,65,2022-01-03 19:21:57 UTC
b387e837-d459-4d5d-b734-d01a28394c75,1641225819,1641225819,25.3,65,2022-01-03 16:04:28 UTC
b387e837-d459-4d5d-b734-d01a28394c75,1641225819,1641241128,25.3,65,2022-01-03 20:19:39 UTC
b387e837-d459-4d5d-b734-d01a28394c75,1641225819,1641245511,25.3,65,2022-01-03 21:34:14 UTC
b387e837-d459-4d5d-b734-d01a28394c75,1641225819,1641232644,25.3,65,2022-01-03 17:59:32 UTC
b387e837-d459-4d5d-b734-d01a28394c75,1641225759,1641256671,25.3,65,2022-01-04 00:39:11 UTC
b387e837-d459-4d5d-b734-d01a28394c75,1641225759,1641230640,25.3,65,2022-01-03 17:25:10 UTC
b387e837-d459-4d5d-b734-d01a28394c75,1641225759,1641232416,25.3,65,2022-01-03 17:54:44 UTC
b387e837-d459-4d5d-b734-d01a28394c75,1641225759,1641244888,25.3,65,2022-01-03 21:22:15 UTC
b387e837-d459-4d5d-b734-d01a28394c75,1641225759,1641250084,25.3,65,2022-01-03 22:49:14 UTC
b387e837-d459-4d5d-b734-d01a28394c75,1641225759,1641237310,25.3,65,2022-01-03 19:17:07 UTC
b387e837-d459-4d5d-b734-d01a28394c75,1641225759,1641227053,25.3,65,2022-01-03 16:25:08 UTC
b387e837-d459-4d5d-b734-d01a28394c75,1641225759,1641229215,25.3,65,2022-01-03 17:01:08 UTC
b387e837-d459-4d5d-b734-d01a28394c75,1641225759,1641226333,25.3,65,2022-01-03 16:12:57 UTC
b387e837-d459-4d5d-b734-d01a28394c75,1641225759,1641240652,25.3,65,2022-01-03 20:12:46 UTC
b387e837-d459-4d5d-b734-d01a28394c75,1641225759,1641225759,25.3,65,2022-01-03 16:04:27 UTC
b387e837-d459-4d5d-b734-d01a28394c75,1641225759,1641234576,25.3,65,2022-01-03 18:33:09 UTC
b387e837-d459-4d5d-b734-d01a28394c75,1641225699,1641225699,25.4,65,2022-01-03 16:02:09 UTC
b387e837-d459-4d5d-b734-d01a28394c75,1641225639,1641228876,25.3,65,2022-01-03 16:55:31 UTC
b387e837-d459-4d5d-b734-d01a28394c75,1641225639,1641231888,25.3,65,2022-01-03 17:46:19 UTC
b387e837-d459-4d5d-b734-d01a28394c75,1641225639,1641226163,25.3,65,2022-01-03 16:11:10 UTC
b387e837-d459-4d5d-b734-d01a28394c75,1641225639,1641227722,25.3,65,2022-01-03 16:37:10 UTC
b387e837-d459-4d5d-b734-d01a28394c75,1641225639,1641226836,25.3,65,2022-01-03 16:21:20 UTC
b387e837-d459-4d5d-b734-d01a28394c75,1641225579,1641261367,25.3,65,2022-01-04 01:58:40 UTC
b387e837-d459-4d5d-b734-d01a28394c75,1641225579,1641226751,25.3,65,2022-01-03 16:20:10 UTC
b387e837-d459-4d5d-b734-d01a28394c75,1641225579,1641227624,25.3,65,2022-01-03 16:37:09 UTC
b387e837-d459-4d5d-b734-d01a28394c75,1641225579,1641243091,25.3,65,2022-01-03 20:53:40 UTC
b387e837-d459-4d5d-b734-d01a28394c75,1641225579,1641230041,25.3,65,2022-01-03 17:16:10 UTC
b387e837-d459-4d5d-b734-d01a28394c75,1641225579,1641247948,25.3,65,2022-01-03 22:13:36 UTC
b387e837-d459-4d5d-b734-d01a28394c75,1641225579,1641228753,25.3,65,2022-01-03 16:53:10 UTC
b387e837-d459-4d5d-b734-d01a28394c75,1641225579,1641253897,25.3,65,2022-01-03 23:54:57 UTC
b387e837-d459-4d5d-b734-d01a28394c75,1641225579,1641233664,25.3,65,2022-01-03 18:15:32 UTC
b387e837-d459-4d5d-b734-d01a28394c75,1641225579,1641226080,25.3,65,2022-01-03 16:08:31 UTC
b387e837-d459-4d5d-b734-d01a28394c75,1641225579,1641231672,25.3,65,2022-01-03 17:42:19 UTC
b387e837-d459-4d5d-b734-d01a28394c75,1641225519,1641229776,25.3,65,2022-01-03 17:10:32 UTC
b387e837-d459-4d5d-b734-d01a28394c75,1641225519,1641225994,25.3,65,2022-01-03 16:07:10 UTC
b387e837-d459-4d5d-b734-d01a28394c75,1641225519,1641226641,25.3,65,2022-01-03 16:18:10 UTC
b387e837-d459-4d5d-b734-d01a28394c75,1641225519,1641227476,25.3,65,2022-01-03 16:32:12 UTC
b387e837-d459-4d5d-b734-d01a28394c75,1641225519,1641228556,25.3,65,2022-01-03 16:50:24 UTC
b387e837-d459-4d5d-b734-d01a28394c75,1641225519,1641231301,25.3,65,2022-01-03 17:36:09 UTC
b387e837-d459-4d5d-b734-d01a28394c75,1641225519,1641233221,25.3,65,2022-01-03 18:08:08 UTC
b387e837-d459-4d5d-b734-d01a28394c75,1641225519,1641238577,25.3,65,2022-01-03 19:37:47 UTC
b387e837-d459-4d5d-b734-d01a28394c75,1641225459,1641225921,25.4,65,2022-01-03 16:06:09 UTC
b387e837-d459-4d5d-b734-d01a28394c75,1641225459,1641227366,25.4,65,2022-01-03 16:32:12 UTC
b387e837-d459-4d5d-b734-d01a28394c75,1641225459,1641226556,25.4,65,2022-01-03 16:18:10 UTC
b387e837-d459-4d5d-b734-d01a28394c75,1641225459,1641228396,25.4,65,2022-01-03 16:47:22 UTC
b387e837-d459-4d5d-b734-d01a28394c75,1641225459,1641225459,25.4,65,2022-01-03 15:59:56 UTC
b387e837-d459-4d5d-b734-d01a28394c75,1641225399,1641225836,25.4,65,2022-01-03 16:04:28 UTC
b387e837-d459-4d5d-b734-d01a28394c75,1641225399,1641228204,25.4,65,2022-01-03 16:44:32 UTC
b387e837-d459-4d5d-b734-d01a28394c75,1641225399,1641226456,25.4,65,2022-01-03 16:15:25 UTC
b387e837-d459-4d5d-b734-d01a28394c75,1641225399,1641230928,25.4,65,2022-01-03 17:31:09 UTC
b387e837-d459-4d5d-b734-d01a28394c75,1641225399,1641227221,25.4,65,2022-01-03 16:28:33 UTC
b387e837-d459-4d5d-b734-d01a28394c75,1641225399,1641229465,25.4,65,2022-01-03 17:06:09 UTC
b387e837-d459-4d5d-b734-d01a28394c75,1641225399,1641225399,25.4,65,2022-01-03 15:57:31 UTC
b387e837-d459-4d5d-b734-d01a28394c75,1641225339,1641229238,25.4,66,2022-01-03 17:01:08 UTC
b387e837-d459-4d5d-b734-d01a28394c75,1641225339,1641228001,25.4,66,2022-01-03 16:41:09 UTC
b387e837-d459-4d5d-b734-d01a28394c75,1641225339,1641226346,25.4,66,2022-01-03 16:12:57 UTC
b387e837-d459-4d5d-b734-d01a28394c75,1641225339,1641225339,25.4,66,2022-01-03 15:57:31 UTC
b387e837-d459-4d5d-b734-d01a28394c75,1641225339,1641227065,25.4,66,2022-01-03 16:25:08 UTC
b387e837-d459-4d5d-b734-d01a28394c75,1641225339,1641225762,25.4,66,2022-01-03 16:04:28 UTC
b387e837-d459-4d5d-b734-d01a28394c75,1641225279,1641230400,25.4,66,2022-01-03 17:21:10 UTC
b387e837-d459-4d5d-b734-d01a28394c75,1641225279,1641226236,25.4,66,2022-01-03 16:11:10 UTC
b387e837-d459-4d5d-b734-d01a28394c75,1641225279,1641225279,25.4,66,2022-01-03 15:55:16 UTC
b387e837-d459-4d5d-b734-d01a28394c75,1641225279,1641227831,25.4,66,2022-01-03 16:38:19 UTC
b387e837-d459-4d5d-b734-d01a28394c75,1641225279,1641225687,25.4,66,2022-01-03 16:02:09 UTC
b387e837-d459-4d5d-b734-d01a28394c75,1641225279,1641226921,25.4,66,2022-01-03 16:23:09 UTC
b387e837-d459-4d5d-b734-d01a28394c75,1641225279,1641229021,25.4,66,2022-01-03 16:58:08 UTC
b387e837-d459-4d5d-b734-d01a28394c75,1641225279,1641232128,25.4,66,2022-01-03 17:50:09 UTC
b387e837-d459-4d5d-b734-d01a28394c75,1641225219,1641243526,25.4,66,2022-01-03 20:59:42 UTC
b387e837-d459-4d5d-b734-d01a28394c75,1641225219,1641248441,25.4,66,2022-01-03 22:22:12 UTC
b387e837-d459-4d5d-b734-d01a28394c75,1641225219,1641231852,25.4,66,2022-01-03 17:46:19 UTC
b387e837-d459-4d5d-b734-d01a28394c75,1641225219,1641233881,25.4,66,2022-01-03 18:19:07 UTC
b387e837-d459-4d5d-b734-d01a28394c75,1641225219,1641225219,25.4,66,2022-01-03 15:55:16 UTC
b387e837-d459-4d5d-b734-d01a28394c75,1641225219,1641230184,25.4,66,2022-01-03 17:17:32 UTC
b387e837-d459-4d5d-b734-d01a28394c75,1641225219,1641228852,25.4,66,2022-01-03 16:55:31 UTC
b387e837-d459-4d5d-b734-d01a28394c75,1641225219,1641225614,25.4,66,2022-01-03 16:02:09 UTC
b387e837-d459-4d5d-b734-d01a28394c75,1641225219,1641227698,25.4,66,2022-01-03 16:37:10 UTC
b387e837-d459-4d5d-b734-d01a28394c75,1641225219,1641236435,25.4,66,2022-01-03 19:03:09 UTC
b387e837-d459-4d5d-b734-d01a28394c75,1641225219,1641239583,25.4,66,2022-01-03 19:53:48 UTC
b387e837-d459-4d5d-b734-d01a28394c75,1641225219,1641226139,25.4,66,2022-01-03 16:11:10 UTC
b387e837-d459-4d5d-b734-d01a28394c75,1641225219,1641226812,25.4,66,2022-01-03 16:21:20 UTC
b387e837-d459-4d5d-b734-d01a28394c75,1641225159,1641227550,25.4,66,2022-01-03 16:33:39 UTC
b387e837-d459-4d5d-b734-d01a28394c75,1641225159,1641225159,25.4,66,2022-01-03 15:53:26 UTC
b387e837-d459-4d5d-b734-d01a28394c75,1641225159,1641226691,25.4,66,2022-01-03 16:19:10 UTC
b387e837-d459-4d5d-b734-d01a28394c75,1641225159,1641229921,25.4,66,2022-01-03 17:13:56 UTC
b387e837-d459-4d5d-b734-d01a28394c75,1641225159,1641231504,25.4,66,2022-01-03 17:39:10 UTC
b387e837-d459-4d5d-b734-d01a28394c75,1641225159,1641233460,25.4,66,2022-01-03 18:12:09 UTC
b387e837-d459-4d5d-b734-d01a28394c75,1641225159,1641226043,25.4,66,2022-01-03 16:08:31 UTC
b387e837-d459-4d5d-b734-d01a28394c75,1641225159,1641235908,25.4,66,2022-01-03 18:53:09 UTC
b387e837-d459-4d5d-b734-d01a28394c75,1641225159,1641225541,25.4,66,2022-01-03 15:59:56 UTC
b387e837-d459-4d5d-b734-d01a28394c75,1641225159,1641228655,25.4,66,2022-01-03 16:51:38 UTC
b387e837-d459-4d5d-b734-d01a28394c75,1641225099,1641225910,25.4,66,2022-01-03 16:06:09 UTC
b387e837-d459-4d5d-b734-d01a28394c75,1641225099,1641228372,25.4,66,2022-01-03 16:47:22 UTC
b387e837-d459-4d5d-b734-d01a28394c75,1641225099,1641226543,25.4,66,2022-01-03 16:18:10 UTC
b387e837-d459-4d5d-b734-d01a28394c75,1641225099,1641227342,25.4,66,2022-01-03 16:32:12 UTC
b387e837-d459-4d5d-b734-d01a28394c75,1641225099,1641225456,25.4,66,2022-01-03 15:59:56 UTC
b387e837-d459-4d5d-b734-d01a28394c75,1641225099,1641225099,25.4,66,2022-01-03 15:53:26 UTC
b387e837-d459-4d5d-b734-d01a28394c75,1641225039,1641225039,25.5,66,2022-01-03 15:51:24 UTC
b387e837-d459-4d5d-b734-d01a28394c75,1641224979,1641224979,25.5,66,2022-01-03 15:50:10 UTC
b387e837-d459-4d5d-b734-d01a28394c75,1641224919,1641225602,25.5,66,2022-01-03 16:02:09 UTC
b387e837-d459-4d5d-b734-d01a28394c75,1641224919,1641226127,25.5,66,2022-01-03 16:11:10 UTC
b387e837-d459-4d5d-b734-d01a28394c75,1641224919,1641225211,25.5,66,2022-01-03 15:55:16 UTC
b387e837-d459-4d5d-b734-d01a28394c75,1641224859,1641225138,25.5,66,2022-01-03 15:53:26 UTC
b387e837-d459-4d5d-b734-d01a28394c75,1641224859,1641225517,25.5,66,2022-01-03 15:59:56 UTC
b387e837-d459-4d5d-b734-d01a28394c75,1641224859,1641224859,25.5,66,2022-01-03 15:48:33 UTC
b387e837-d459-4d5d-b734-d01a28394c75,1641224799,1641225053,25.6,66,2022-01-03 15:51:24 UTC
b387e837-d459-4d5d-b734-d01a28394c75,1641224799,1641227257,25.6,66,2022-01-03 16:28:33 UTC
b387e837-d459-4d5d-b734-d01a28394c75,1641224799,1641225420,25.6,66,2022-01-03 15:57:31 UTC
b387e837-d459-4d5d-b734-d01a28394c75,1641224799,1641225872,25.6,66,2022-01-03 16:06:09 UTC
b387e837-d459-4d5d-b734-d01a28394c75,1641224799,1641224799,25.6,66,2022-01-03 15:47:10 UTC
b387e837-d459-4d5d-b734-d01a28394c75,1641224799,1641226481,25.6,66,2022-01-03 16:15:25 UTC
b387e837-d459-4d5d-b734-d01a28394c75,1641224739,1641240159,25.6,66,2022-01-03 20:04:57 UTC
b387e837-d459-4d5d-b734-d01a28394c75,1641224739,1641224739,25.6,66,2022-01-03 15:46:10 UTC
b387e837-d459-4d5d-b734-d01a28394c75,1641224739,1641232152,25.6,66,2022-01-03 17:50:09 UTC
b387e837-d459-4d5d-b734-d01a28394c75,1641224739,1641226944,25.6,66,2022-01-03 16:23:10 UTC
b387e837-d459-4d5d-b734-d01a28394c75,1641224739,1641236892,25.6,66,2022-01-03 19:09:32 UTC
b387e837-d459-4d5d-b734-d01a28394c75,1641224739,1641255724,25.6,66,2022-01-04 00:26:34 UTC
b387e837-d459-4d5d-b734-d01a28394c75,1641224739,1641255724,25.6,66,2022-01-04 00:25:49 UTC
b387e837-d459-4d5d-b734-d01a28394c75,1641224739,1641234252,25.6,66,2022-01-03 18:25:09 UTC
b387e837-d459-4d5d-b734-d01a28394c75,1641224739,1641224967,25.6,66,2022-01-03 15:50:10 UTC
b387e837-d459-4d5d-b734-d01a28394c75,1641224739,1641230424,25.6,66,2022-01-03 17:21:10 UTC
b387e837-d459-4d5d-b734-d01a28394c75,1641224739,1641244264,25.6,66,2022-01-03 21:12:14 UTC
b387e837-d459-4d5d-b734-d01a28394c75,1641224739,1641227855,25.6,66,2022-01-03 16:38:19 UTC
b387e837-d459-4d5d-b734-d01a28394c75,1641224739,1641225285,25.6,66,2022-01-03 15:55:16 UTC
b387e837-d459-4d5d-b734-d01a28394c75,1641224739,1641249329,25.6,66,2022-01-03 22:37:14 UTC
b387e837-d459-4d5d-b734-d01a28394c75,1641224739,1641229045,25.6,66,2022-01-03 16:58:08 UTC
b387e837-d459-4d5d-b734-d01a28394c75,1641224679,1641224679,25.6,67,2022-01-03 15:46:10 UTC
b387e837-d459-4d5d-b734-d01a28394c75,1641224679,1641225565,25.6,67,2022-01-03 15:59:56 UTC
b387e837-d459-4d5d-b734-d01a28394c75,1641224679,1641224882,25.6,67,2022-01-03 15:48:33 UTC
b387e837-d459-4d5d-b734-d01a28394c75,1641224679,1641225175,25.6,67,2022-01-03 15:53:26 UTC
b387e837-d459-4d5d-b734-d01a28394c75,1641224679,1641226067,25.6,67,2022-01-03 16:08:31 UTC
b387e837-d459-4d5d-b734-d01a28394c75,1641224619,1641225823,25.6,67,2022-01-03 16:04:28 UTC
b387e837-d459-4d5d-b734-d01a28394c75,1641224619,1641225384,25.6,67,2022-01-03 15:57:31 UTC
b387e837-d459-4d5d-b734-d01a28394c75,1641224619,1641226432,25.6,67,2022-01-03 16:15:25 UTC
b387e837-d459-4d5d-b734-d01a28394c75,1641224619,1641224796,25.6,67,2022-01-03 15:47:10 UTC
b387e837-d459-4d5d-b734-d01a28394c75,1641224619,1641224619,25.6,67,2022-01-03 15:44:39 UTC
b387e837-d459-4d5d-b734-d01a28394c75,1641224619,1641227196,25.6,67,2022-01-03 16:28:33 UTC
b387e837-d459-4d5d-b734-d01a28394c75,1641224619,1641228157,25.6,67,2022-01-03 16:43:08 UTC
b387e837-d459-4d5d-b734-d01a28394c75,1641224559,1641227783,25.7,67,2022-01-03 16:37:10 UTC
b387e837-d459-4d5d-b734-d01a28394c75,1641224559,1641224722,25.7,67,2022-01-03 15:46:10 UTC
b387e837-d459-4d5d-b734-d01a28394c75,1641224559,1641226212,25.7,67,2022-01-03 16:11:10 UTC
b387e837-d459-4d5d-b734-d01a28394c75,1641224559,1641225663,25.7,67,2022-01-03 16:02:09 UTC
b387e837-d459-4d5d-b734-d01a28394c75,1641224559,1641228961,25.7,67,2022-01-03 16:56:56 UTC
b387e837-d459-4d5d-b734-d01a28394c75,1641224559,1641224559,25.7,67,2022-01-03 15:44:39 UTC
b387e837-d459-4d5d-b734-d01a28394c75,1641224559,1641230328,25.7,67,2022-01-03 17:21:10 UTC
b387e837-d459-4d5d-b734-d01a28394c75,1641224559,1641225260,25.7,67,2022-01-03 15:55:16 UTC
b387e837-d459-4d5d-b734-d01a28394c75,1641224559,1641224943,25.7,67,2022-01-03 15:50:10 UTC
b387e837-d459-4d5d-b734-d01a28394c75,1641224559,1641226896,25.7,67,2022-01-03 16:23:09 UTC
b387e837-d459-4d5d-b734-d01a28394c75,1641224499,1641225493,25.7,67,2022-01-03 15:59:56 UTC
b387e837-d459-4d5d-b734-d01a28394c75,1641224499,1641228532,25.7,67,2022-01-03 16:50:24 UTC
b387e837-d459-4d5d-b734-d01a28394c75,1641224499,1641259674,25.7,67,2022-01-04 01:33:50 UTC
b387e837-d459-4d5d-b734-d01a28394c75,1641224499,1641246809,25.7,67,2022-01-03 21:56:12 UTC
b387e837-d459-4d5d-b734-d01a28394c75,1641224499,1641226617,25.7,67,2022-01-03 16:18:10 UTC
b387e837-d459-4d5d-b734-d01a28394c75,1641224499,1641238492,25.7,67,2022-01-03 19:37:47 UTC
b387e837-d459-4d5d-b734-d01a28394c75,1641224499,1641224845,25.7,67,2022-01-03 15:48:33 UTC
b387e837-d459-4d5d-b734-d01a28394c75,1641224499,1641233172,25.7,67,2022-01-03 18:08:08 UTC
b387e837-d459-4d5d-b734-d01a28394c75,1641224499,1641252520,25.7,67,2022-01-03 23:31:12 UTC
b387e837-d459-4d5d-b734-d01a28394c75,1641224499,1641231276,25.7,67,2022-01-03 17:36:09 UTC
b387e837-d459-4d5d-b734-d01a28394c75,1641224499,1641224648,25.7,67,2022-01-03 15:44:39 UTC
b387e837-d459-4d5d-b734-d01a28394c75,1641224499,1641225970,25.7,67,2022-01-03 16:07:10 UTC
b387e837-d459-4d5d-b734-d01a28394c75,1641224499,1641227452,25.7,67,2022-01-03 16:32:12 UTC
b387e837-d459-4d5d-b734-d01a28394c75,1641224499,1641225114,25.7,67,2022-01-03 15:53:26 UTC
b387e837-d459-4d5d-b734-d01a28394c75,1641224499,1641224499,25.7,67,2022-01-03 15:42:09 UTC
b387e837-d459-4d5d-b734-d01a28394c75,1641224499,1641229752,25.7,67,2022-01-03 17:10:32 UTC
b387e837-d459-4d5d-b734-d01a28394c75,1641224439,1641224439,25.7,67,2022-01-03 15:42:09 UTC
b387e837-d459-4d5d-b734-d01a28394c75,1641224379,1641224379,25.7,67,2022-01-03 15:40:10 UTC
b387e837-d459-4d5d-b734-d01a28394c75,1641224319,1641224710,25.7,67,2022-01-03 15:46:10 UTC
b387e837-d459-4d5d-b734-d01a28394c75,1641224319,1641226884,25.7,67,2022-01-03 16:23:09 UTC
b387e837-d459-4d5d-b734-d01a28394c75,1641224319,1641226200,25.7,67,2022-01-03 16:11:10 UTC
b387e837-d459-4d5d-b734-d01a28394c75,1641224319,1641227771,25.7,67,2022-01-03 16:37:10 UTC
b387e837-d459-4d5d-b734-d01a28394c75,1641224319,1641225651,25.7,67,2022-01-03 16:02:09 UTC
b387e837-d459-4d5d-b734-d01a28394c75,1641224319,1641230304,25.7,67,2022-01-03 17:21:09 UTC
b387e837-d459-4d5d-b734-d01a28394c75,1641224319,1641225248,25.7,67,2022-01-03 15:55:16 UTC
b387e837-d459-4d5d-b734-d01a28394c75,1641224319,1641232008,25.7,67,2022-01-03 17:47:31 UTC
b387e837-d459-4d5d-b734-d01a28394c75,1641224319,1641224931,25.7,67,2022-01-03 15:50:10 UTC
b387e837-d459-4d5d-b734-d01a28394c75,1641224319,1641224549,25.7,67,2022-01-03 15:44:39 UTC
b387e837-d459-4d5d-b734-d01a28394c75,1641224319,1641224416,25.7,67,2022-01-03 15:42:09 UTC
b387e837-d459-4d5d-b734-d01a28394c75,1641224259,1641229357,25.8,67,2022-01-03 17:04:09 UTC
b387e837-d459-4d5d-b734-d01a28394c75,1641224259,1641225810,25.8,67,2022-01-03 16:04:28 UTC
b387e837-d459-4d5d-b734-d01a28394c75,1641224259,1641224784,25.8,67,2022-01-03 15:47:10 UTC
b387e837-d459-4d5d-b734-d01a28394c75,1641224259,1641224610,25.8,67,2022-01-03 15:44:39 UTC
b387e837-d459-4d5d-b734-d01a28394c75,1641224259,1641224344,25.8,67,2022-01-03 15:40:10 UTC
b387e837-d459-4d5d-b734-d01a28394c75,1641224259,1641226407,25.8,67,2022-01-03 16:15:25 UTC
b387e837-d459-4d5d-b734-d01a28394c75,1641224259,1641225372,25.8,67,2022-01-03 15:57:31 UTC
b387e837-d459-4d5d-b734-d01a28394c75,1641224259,1641225028,25.8,67,2022-01-03 15:51:24 UTC
b387e837-d459-4d5d-b734-d01a28394c75,1641224259,1641224464,25.8,67,2022-01-03 15:42:09 UTC
b387e837-d459-4d5d-b734-d01a28394c75,1641224199,1641224833,25.9,67,2022-01-03 15:48:33 UTC
b387e837-d459-4d5d-b734-d01a28394c75,1641224199,1641224636,25.9,67,2022-01-03 15:44:39 UTC
b387e837-d459-4d5d-b734-d01a28394c75,1641224199,1641225101,25.9,67,2022-01-03 15:53:26 UTC
b387e837-d459-4d5d-b734-d01a28394c75,1641224199,1641226568,25.9,67,2022-01-03 16:18:10 UTC
b387e837-d459-4d5d-b734-d01a28394c75,1641224199,1641224488,25.9,67,2022-01-03 15:42:09 UTC
b387e837-d459-4d5d-b734-d01a28394c75,1641224199,1641227378,25.9,67,2022-01-03 16:32:12 UTC
b387e837-d459-4d5d-b734-d01a28394c75,1641224199,1641224271,25.9,67,2022-01-03 15:38:22 UTC
b387e837-d459-4d5d-b734-d01a28394c75,1641224199,1641225933,25.9,67,2022-01-03 16:06:09 UTC
b387e837-d459-4d5d-b734-d01a28394c75,1641224139,1641224198,25.9,68,2022-01-03 15:37:09 UTC
b387e837-d459-4d5d-b734-d01a28394c75,1641224079,1641224258,26.0,68,2022-01-03 15:38:22 UTC
b387e837-d459-4d5d-b734-d01a28394c75,1641224079,1641224186,26.0,68,2022-01-03 15:37:09 UTC
b387e837-d459-4d5d-b734-d01a28394c75,1641224019,1641224234,26.1,68,2022-01-03 15:38:22 UTC
b387e837-d459-4d5d-b734-d01a28394c75,1641224019,1641224162,26.1,68,2022-01-03 15:37:09 UTC
b387e837-d459-4d5d-b734-d01a28394c75,1641224019,1641224319,26.1,68,2022-01-03 15:40:10 UTC
b387e837-d459-4d5d-b734-d01a28394c75,1641223959,1641224138,26.1,68,2022-01-03 15:37:09 UTC
b387e837-d459-4d5d-b734-d01a28394c75,1641223959,1641223981,26.1,68,2022-01-03 15:33:32 UTC
b387e837-d459-4d5d-b734-d01a28394c75,1641223899,1641223899,26.2,68,2022-01-03 15:33:32 UTC
b387e837-d459-4d5d-b734-d01a28394c75,1641223839,1641223839,26.2,68,2022-01-03 15:33:32 UTC
b387e837-d459-4d5d-b734-d01a28394c75,1641223779,1641223779,26.3,68,2022-01-03 15:30:10 UTC
b387e837-d459-4d5d-b734-d01a28394c75,1641223719,1641223719,26.4,68,2022-01-03 15:30:10 UTC
b387e837-d459-4d5d-b734-d01a28394c75,1641223659,1641223659,26.4,68,2022-01-03 15:30:10 UTC
b387e837-d459-4d5d-b734-d01a28394c75,1641223599,1641223599,26.6,69,2022-01-03 15:27:10 UTC
b387e837-d459-4d5d-b734-d01a28394c75,1641223539,1641223539,26.6,69,2022-01-03 15:27:10 UTC
b387e837-d459-4d5d-b734-d01a28394c75,1641223479,1641223479,26.7,69,2022-01-03 15:27:10 UTC
b387e837-d459-4d5d-b734-d01a28394c75,1641223419,1641223419,26.8,69,2022-01-03 15:24:10 UTC
b387e837-d459-4d5d-b734-d01a28394c75,1641223359,1641223359,26.9,70,2022-01-03 15:24:10 UTC
b387e837-d459-4d5d-b734-d01a28394c75,1641223299,1641223299,27.0,70,2022-01-03 15:24:10 UTC
b387e837-d459-4d5d-b734-d01a28394c75,1641223239,1641223239,27.1,70,2022-01-03 15:21:10 UTC
b387e837-d459-4d5d-b734-d01a28394c75,1641223179,1641223179,27.2,70,2022-01-03 15:21:10 UTC
b387e837-d459-4d5d-b734-d01a28394c75,1641223119,1641223119,27.3,70,2022-01-03 15:21:10 UTC
b387e837-d459-4d5d-b734-d01a28394c75,1641222459,1641222459,28.3,70,2022-01-03 15:08:10 UTC
b387e837-d459-4d5d-b734-d01a28394c75,1641222399,1641222399,28.3,70,2022-01-03 15:08:10 UTC
b387e837-d459-4d5d-b734-d01a28394c75,1641222339,1641222339,28.3,70,2022-01-03 15:08:10 UTC
