device_id,sdk_timestamp,timestamp,power,energy,created_at
3c856552-2e79-4eb0-b61e-e228d7bf1ab5,1640537968,1640537968,239.0,8403.0,2021-12-26 17:01:06 UTC
3c856552-2e79-4eb0-b61e-e228d7bf1ab5,1640537908,1640537908,239.0,8399.0,2021-12-26 17:01:06 UTC
3c856552-2e79-4eb0-b61e-e228d7bf1ab5,1640537848,1640537848,237.0,8394.0,2021-12-26 16:57:30 UTC
3c856552-2e79-4eb0-b61e-e228d7bf1ab5,1640537788,1640537788,247.0,8390.0,2021-12-26 16:57:30 UTC
3c856552-2e79-4eb0-b61e-e228d7bf1ab5,1640537728,1640537728,249.0,8385.0,2021-12-26 16:57:30 UTC
3c856552-2e79-4eb0-b61e-e228d7bf1ab5,1640537668,1640537668,247.0,8380.0,2021-12-26 16:57:30 UTC
3c856552-2e79-4eb0-b61e-e228d7bf1ab5,1640537608,1640537608,248.0,8376.0,2021-12-26 16:53:48 UTC
3c856552-2e79-4eb0-b61e-e228d7bf1ab5,1640537548,1640537548,246.0,8371.0,2021-12-26 16:53:48 UTC
3c856552-2e79-4eb0-b61e-e228d7bf1ab5,1640537488,1640537488,247.0,8366.0,2021-12-26 16:53:48 UTC
3c856552-2e79-4eb0-b61e-e228d7bf1ab5,1640537428,1640537428,248.0,8362.0,2021-12-26 16:53:48 UTC
3c856552-2e79-4eb0-b61e-e228d7bf1ab5,1640537369,1640537368,247.0,8357.0,2021-12-26 16:50:21 UTC
3c856552-2e79-4eb0-b61e-e228d7bf1ab5,1640537308,1640537308,246.0,8352.0,2021-12-26 16:50:21 UTC
3c856552-2e79-4eb0-b61e-e228d7bf1ab5,1640537248,1640537248,248.0,8348.0,2021-12-26 16:50:21 UTC
3c856552-2e79-4eb0-b61e-e228d7bf1ab5,1640537188,1640537188,249.0,8343.0,2021-12-26 16:46:30 UTC
3c856552-2e79-4eb0-b61e-e228d7bf1ab5,1640537128,1640537128,246.0,8338.0,2021-12-26 16:46:30 UTC
3c856552-2e79-4eb0-b61e-e228d7bf1ab5,1640537068,1640537068,247.0,8334.0,2021-12-26 16:46:30 UTC
3c856552-2e79-4eb0-b61e-e228d7bf1ab5,1640537008,1640537008,246.0,8329.0,2021-12-26 16:46:30 UTC
3c856552-2e79-4eb0-b61e-e228d7bf1ab5,1640536948,1640536948,248.0,8324.0,2021-12-26 16:43:03 UTC
3c856552-2e79-4eb0-b61e-e228d7bf1ab5,1640536888,1640536888,244.0,8320.0,2021-12-26 16:43:03 UTC
3c856552-2e79-4eb0-b61e-e228d7bf1ab5,1640536828,1640536828,248.0,8315.0,2021-12-26 16:43:03 UTC
3c856552-2e79-4eb0-b61e-e228d7bf1ab5,1640536768,1640536768,234.0,8310.0,2021-12-26 16:39:30 UTC
3c856552-2e79-4eb0-b61e-e228d7bf1ab5,1640536708,1640536708,237.0,8306.0,2021-12-26 16:39:30 UTC
3c856552-2e79-4eb0-b61e-e228d7bf1ab5,1640536648,1640536648,240.0,8301.0,2021-12-26 16:39:30 UTC
3c856552-2e79-4eb0-b61e-e228d7bf1ab5,1640536588,1640536588,240.0,8297.0,2021-12-26 16:39:30 UTC
3c856552-2e79-4eb0-b61e-e228d7bf1ab5,1640536528,1640536528,243.0,8292.0,2021-12-26 16:35:45 UTC
3c856552-2e79-4eb0-b61e-e228d7bf1ab5,1640536468,1640536468,245.0,8287.0,2021-12-26 16:35:45 UTC
3c856552-2e79-4eb0-b61e-e228d7bf1ab5,1640536408,1640536408,287.0,8283.0,2021-12-26 16:35:45 UTC
3c856552-2e79-4eb0-b61e-e228d7bf1ab5,1640536348,1640536348,401.0,8276.0,2021-12-26 16:35:45 UTC
3c856552-2e79-4eb0-b61e-e228d7bf1ab5,1640536288,1640536288,540.0,8267.0,2021-12-26 16:32:17 UTC
3c856552-2e79-4eb0-b61e-e228d7bf1ab5,1640536228,1640536228,601.0,8256.0,2021-12-26 16:32:17 UTC
3c856552-2e79-4eb0-b61e-e228d7bf1ab5,1640536168,1640536168,576.0,8245.0,2021-12-26 16:32:17 UTC
3c856552-2e79-4eb0-b61e-e228d7bf1ab5,1640536108,1640536108,546.0,8234.0,2021-12-26 16:28:33 UTC
3c856552-2e79-4eb0-b61e-e228d7bf1ab5,1640555658,1640536009,509.0,8224.0,2021-12-26 21:54:24 UTC
3c856552-2e79-4eb0-b61e-e228d7bf1ab5,1640555632,1640535949,442.0,8214.0,2021-12-26 21:54:24 UTC
3c856552-2e79-4eb0-b61e-e228d7bf1ab5,1640555607,1640535889,293.0,8207.0,2021-12-26 21:54:24 UTC
3c856552-2e79-4eb0-b61e-e228d7bf1ab5,1640555581,1640535829,4.0,8205.0,2021-12-26 21:54:24 UTC
3c856552-2e79-4eb0-b61e-e228d7bf1ab5,1640555555,1640535769,5.0,8205.0,2021-12-26 21:54:24 UTC
3c856552-2e79-4eb0-b61e-e228d7bf1ab5,1640555529,1640535709,5.0,8205.0,2021-12-26 21:54:24 UTC
3c856552-2e79-4eb0-b61e-e228d7bf1ab5,1640555503,1640535649,4.0,8205.0,2021-12-26 21:54:24 UTC
3c856552-2e79-4eb0-b61e-e228d7bf1ab5,1640555478,1640535589,4.0,8205.0,2021-12-26 21:54:24 UTC
3c856552-2e79-4eb0-b61e-e228d7bf1ab5,1640555452,1640535529,4.0,8205.0,2021-12-26 21:50:53 UTC
3c856552-2e79-4eb0-b61e-e228d7bf1ab5,1640555427,1640535469,4.0,8205.0,2021-12-26 21:50:53 UTC
3c856552-2e79-4eb0-b61e-e228d7bf1ab5,1640555400,1640535409,4.0,8205.0,2021-12-26 21:50:53 UTC
3c856552-2e79-4eb0-b61e-e228d7bf1ab5,1640555375,1640535349,5.0,8205.0,2021-12-26 21:50:53 UTC
3c856552-2e79-4eb0-b61e-e228d7bf1ab5,1640555348,1640535289,4.0,8205.0,2021-12-26 21:50:53 UTC
3c856552-2e79-4eb0-b61e-e228d7bf1ab5,1640555323,1640535229,4.0,8204.0,2021-12-26 21:50:53 UTC
3c856552-2e79-4eb0-b61e-e228d7bf1ab5,1640555297,1640535169,5.0,8204.0,2021-12-26 21:50:53 UTC
3c856552-2e79-4eb0-b61e-e228d7bf1ab5,1640555271,1640535109,5.0,8204.0,2021-12-26 21:50:53 UTC
3c856552-2e79-4eb0-b61e-e228d7bf1ab5,1640555246,1640535049,4.0,8204.0,2021-12-26 21:50:53 UTC
3c856552-2e79-4eb0-b61e-e228d7bf1ab5,1640555219,1640534989,5.0,8204.0,2021-12-26 21:47:24 UTC
3c856552-2e79-4eb0-b61e-e228d7bf1ab5,1640555194,1640534929,5.0,8204.0,2021-12-26 21:47:24 UTC
3c856552-2e79-4eb0-b61e-e228d7bf1ab5,1640555167,1640534869,5.0,8204.0,2021-12-26 21:47:24 UTC
3c856552-2e79-4eb0-b61e-e228d7bf1ab5,1640555142,1640534809,5.0,8204.0,2021-12-26 21:47:24 UTC
3c856552-2e79-4eb0-b61e-e228d7bf1ab5,1640555116,1640534749,5.0,8204.0,2021-12-26 21:47:24 UTC
3c856552-2e79-4eb0-b61e-e228d7bf1ab5,1640555091,1640534689,4.0,8204.0,2021-12-26 21:47:24 UTC
3c856552-2e79-4eb0-b61e-e228d7bf1ab5,1640555065,1640534629,5.0,8204.0,2021-12-26 21:47:24 UTC
3c856552-2e79-4eb0-b61e-e228d7bf1ab5,1640555039,1640534569,4.0,8203.0,2021-12-26 21:47:24 UTC
3c856552-2e79-4eb0-b61e-e228d7bf1ab5,1640555013,1640534509,4.0,8203.0,2021-12-26 21:43:35 UTC
3c856552-2e79-4eb0-b61e-e228d7bf1ab5,1640554987,1640534449,5.0,8203.0,2021-12-26 21:43:35 UTC
3c856552-2e79-4eb0-b61e-e228d7bf1ab5,1640554962,1640534389,5.0,8203.0,2021-12-26 21:43:35 UTC
3c856552-2e79-4eb0-b61e-e228d7bf1ab5,1640554936,1640534329,5.0,8203.0,2021-12-26 21:43:35 UTC
3c856552-2e79-4eb0-b61e-e228d7bf1ab5,1640554910,1640534269,4.0,8203.0,2021-12-26 21:43:35 UTC
3c856552-2e79-4eb0-b61e-e228d7bf1ab5,1640554885,1640534209,4.0,8203.0,2021-12-26 21:43:35 UTC
3c856552-2e79-4eb0-b61e-e228d7bf1ab5,1640554858,1640534149,5.0,8203.0,2021-12-26 21:43:35 UTC
3c856552-2e79-4eb0-b61e-e228d7bf1ab5,1640554833,1640534089,4.0,8203.0,2021-12-26 21:43:35 UTC
3c856552-2e79-4eb0-b61e-e228d7bf1ab5,1640554806,1640534029,5.0,8203.0,2021-12-26 21:40:07 UTC
3c856552-2e79-4eb0-b61e-e228d7bf1ab5,1640554781,1640533969,5.0,8202.0,2021-12-26 21:40:07 UTC
3c856552-2e79-4eb0-b61e-e228d7bf1ab5,1640554755,1640533909,4.0,8202.0,2021-12-26 21:40:07 UTC
3c856552-2e79-4eb0-b61e-e228d7bf1ab5,1640554729,1640533849,4.0,8202.0,2021-12-26 21:40:07 UTC
3c856552-2e79-4eb0-b61e-e228d7bf1ab5,1640554703,1640533789,4.0,8202.0,2021-12-26 21:40:07 UTC
3c856552-2e79-4eb0-b61e-e228d7bf1ab5,1640554678,1640533729,4.0,8202.0,2021-12-26 21:40:07 UTC
3c856552-2e79-4eb0-b61e-e228d7bf1ab5,1640554652,1640533669,5.0,8202.0,2021-12-26 21:40:07 UTC
3c856552-2e79-4eb0-b61e-e228d7bf1ab5,1640554626,1640533609,4.0,8202.0,2021-12-26 21:40:07 UTC
3c856552-2e79-4eb0-b61e-e228d7bf1ab5,1640554600,1640533549,5.0,8202.0,2021-12-26 21:40:07 UTC
3c856552-2e79-4eb0-b61e-e228d7bf1ab5,1640554575,1640533489,4.0,8202.0,2021-12-26 21:36:24 UTC
3c856552-2e79-4eb0-b61e-e228d7bf1ab5,1640554549,1640533429,5.0,8202.0,2021-12-26 21:36:24 UTC
3c856552-2e79-4eb0-b61e-e228d7bf1ab5,1640554523,1640533369,5.0,8201.0,2021-12-26 21:36:24 UTC
3c856552-2e79-4eb0-b61e-e228d7bf1ab5,1640554497,1640533309,5.0,8201.0,2021-12-26 21:36:24 UTC
3c856552-2e79-4eb0-b61e-e228d7bf1ab5,1640554472,1640533249,4.0,8201.0,2021-12-26 21:36:24 UTC
3c856552-2e79-4eb0-b61e-e228d7bf1ab5,1640554446,1640533189,5.0,8201.0,2021-12-26 21:36:24 UTC
3c856552-2e79-4eb0-b61e-e228d7bf1ab5,1640554420,1640533129,4.0,8201.0,2021-12-26 21:36:24 UTC
3c856552-2e79-4eb0-b61e-e228d7bf1ab5,1640554394,1640533069,5.0,8201.0,2021-12-26 21:36:24 UTC
3c856552-2e79-4eb0-b61e-e228d7bf1ab5,1640554369,1640533009,5.0,8201.0,2021-12-26 21:32:49 UTC
3c856552-2e79-4eb0-b61e-e228d7bf1ab5,1640554343,1640532949,5.0,8201.0,2021-12-26 21:32:49 UTC
3c856552-2e79-4eb0-b61e-e228d7bf1ab5,1640554317,1640532889,5.0,8201.0,2021-12-26 21:32:49 UTC
3c856552-2e79-4eb0-b61e-e228d7bf1ab5,1640554291,1640532829,5.0,8201.0,2021-12-26 21:32:49 UTC
3c856552-2e79-4eb0-b61e-e228d7bf1ab5,1640554265,1640532769,5.0,8200.0,2021-12-26 21:32:49 UTC
3c856552-2e79-4eb0-b61e-e228d7bf1ab5,1640554239,1640532709,5.0,8200.0,2021-12-26 21:32:49 UTC
3c856552-2e79-4eb0-b61e-e228d7bf1ab5,1640554214,1640532649,5.0,8200.0,2021-12-26 21:32:49 UTC
3c856552-2e79-4eb0-b61e-e228d7bf1ab5,1640554189,1640532589,5.0,8200.0,2021-12-26 21:32:49 UTC
3c856552-2e79-4eb0-b61e-e228d7bf1ab5,1640554163,1640532529,5.0,8200.0,2021-12-26 21:29:24 UTC
3c856552-2e79-4eb0-b61e-e228d7bf1ab5,1640554137,1640532469,4.0,8200.0,2021-12-26 21:29:24 UTC
3c856552-2e79-4eb0-b61e-e228d7bf1ab5,1640554112,1640532409,4.0,8200.0,2021-12-26 21:29:24 UTC
3c856552-2e79-4eb0-b61e-e228d7bf1ab5,1640554085,1640532349,5.0,8200.0,2021-12-26 21:29:24 UTC
3c856552-2e79-4eb0-b61e-e228d7bf1ab5,1640554060,1640532289,5.0,8200.0,2021-12-26 21:29:24 UTC
3c856552-2e79-4eb0-b61e-e228d7bf1ab5,1640554033,1640532229,4.0,8200.0,2021-12-26 21:29:24 UTC
3c856552-2e79-4eb0-b61e-e228d7bf1ab5,1640554008,1640532169,4.0,8199.0,2021-12-26 21:29:24 UTC
3c856552-2e79-4eb0-b61e-e228d7bf1ab5,1640553982,1640532109,5.0,8199.0,2021-12-26 21:29:24 UTC
3c856552-2e79-4eb0-b61e-e228d7bf1ab5,1640553956,1640532049,4.0,8199.0,2021-12-26 21:29:24 UTC
3c856552-2e79-4eb0-b61e-e228d7bf1ab5,1640553931,1640531989,4.0,8199.0,2021-12-26 21:25:32 UTC
3c856552-2e79-4eb0-b61e-e228d7bf1ab5,1640553904,1640531929,4.0,8199.0,2021-12-26 21:25:32 UTC
3c856552-2e79-4eb0-b61e-e228d7bf1ab5,1640553879,1640531869,5.0,8199.0,2021-12-26 21:25:32 UTC
3c856552-2e79-4eb0-b61e-e228d7bf1ab5,1640553854,1640531809,4.0,8199.0,2021-12-26 21:25:32 UTC
3c856552-2e79-4eb0-b61e-e228d7bf1ab5,1640553829,1640531749,4.0,8199.0,2021-12-26 21:25:32 UTC
3c856552-2e79-4eb0-b61e-e228d7bf1ab5,1640553802,1640531689,5.0,8199.0,2021-12-26 21:25:32 UTC
3c856552-2e79-4eb0-b61e-e228d7bf1ab5,1640553776,1640531629,4.0,8199.0,2021-12-26 21:25:32 UTC
3c856552-2e79-4eb0-b61e-e228d7bf1ab5,1640553751,1640531569,5.0,8198.0,2021-12-26 21:25:32 UTC
3c856552-2e79-4eb0-b61e-e228d7bf1ab5,1640553725,1640531509,4.0,8198.0,2021-12-26 21:22:05 UTC
3c856552-2e79-4eb0-b61e-e228d7bf1ab5,1640553699,1640531449,5.0,8198.0,2021-12-26 21:22:05 UTC
3c856552-2e79-4eb0-b61e-e228d7bf1ab5,1640553673,1640531389,4.0,8198.0,2021-12-26 21:22:05 UTC
3c856552-2e79-4eb0-b61e-e228d7bf1ab5,1640553648,1640531329,5.0,8198.0,2021-12-26 21:22:05 UTC
3c856552-2e79-4eb0-b61e-e228d7bf1ab5,1640553621,1640531269,4.0,8198.0,2021-12-26 21:22:05 UTC
3c856552-2e79-4eb0-b61e-e228d7bf1ab5,1640553596,1640531209,4.0,8198.0,2021-12-26 21:22:05 UTC
3c856552-2e79-4eb0-b61e-e228d7bf1ab5,1640553570,1640531149,4.0,8198.0,2021-12-26 21:22:05 UTC
3c856552-2e79-4eb0-b61e-e228d7bf1ab5,1640553544,1640531089,4.0,8198.0,2021-12-26 21:22:05 UTC
3c856552-2e79-4eb0-b61e-e228d7bf1ab5,1640553518,1640531029,5.0,8198.0,2021-12-26 21:22:05 UTC
3c856552-2e79-4eb0-b61e-e228d7bf1ab5,1640553492,1640530969,4.0,8197.0,2021-12-26 21:18:24 UTC
3c856552-2e79-4eb0-b61e-e228d7bf1ab5,1640553467,1640530909,4.0,8197.0,2021-12-26 21:18:24 UTC
3c856552-2e79-4eb0-b61e-e228d7bf1ab5,1640553441,1640530849,5.0,8197.0,2021-12-26 21:18:24 UTC
3c856552-2e79-4eb0-b61e-e228d7bf1ab5,1640553416,1640530789,4.0,8197.0,2021-12-26 21:18:24 UTC
3c856552-2e79-4eb0-b61e-e228d7bf1ab5,1640553390,1640530729,4.0,8197.0,2021-12-26 21:18:24 UTC
3c856552-2e79-4eb0-b61e-e228d7bf1ab5,1640553363,1640530669,5.0,8197.0,2021-12-26 21:18:24 UTC
3c856552-2e79-4eb0-b61e-e228d7bf1ab5,1640553338,1640530609,4.0,8197.0,2021-12-26 21:18:24 UTC
3c856552-2e79-4eb0-b61e-e228d7bf1ab5,1640553312,1640530549,4.0,8197.0,2021-12-26 21:18:24 UTC
3c856552-2e79-4eb0-b61e-e228d7bf1ab5,1640553286,1640530489,5.0,8197.0,2021-12-26 21:14:47 UTC
3c856552-2e79-4eb0-b61e-e228d7bf1ab5,1640553261,1640530429,5.0,8197.0,2021-12-26 21:14:47 UTC
3c856552-2e79-4eb0-b61e-e228d7bf1ab5,1640553235,1640530369,5.0,8197.0,2021-12-26 21:14:47 UTC
3c856552-2e79-4eb0-b61e-e228d7bf1ab5,1640553210,1640530309,4.0,8196.0,2021-12-26 21:14:47 UTC
3c856552-2e79-4eb0-b61e-e228d7bf1ab5,1640553183,1640530249,5.0,8196.0,2021-12-26 21:14:47 UTC
3c856552-2e79-4eb0-b61e-e228d7bf1ab5,1640553158,1640530189,4.0,8196.0,2021-12-26 21:14:47 UTC
3c856552-2e79-4eb0-b61e-e228d7bf1ab5,1640553131,1640530129,5.0,8196.0,2021-12-26 21:14:47 UTC
3c856552-2e79-4eb0-b61e-e228d7bf1ab5,1640553106,1640530069,5.0,8196.0,2021-12-26 21:14:47 UTC
3c856552-2e79-4eb0-b61e-e228d7bf1ab5,1640553080,1640530009,4.0,8196.0,2021-12-26 21:11:21 UTC
3c856552-2e79-4eb0-b61e-e228d7bf1ab5,1640553054,1640529949,5.0,8196.0,2021-12-26 21:11:21 UTC
3c856552-2e79-4eb0-b61e-e228d7bf1ab5,1640553029,1640529889,5.0,8196.0,2021-12-26 21:11:21 UTC
3c856552-2e79-4eb0-b61e-e228d7bf1ab5,1640553003,1640529829,4.0,8196.0,2021-12-26 21:11:21 UTC
3c856552-2e79-4eb0-b61e-e228d7bf1ab5,1640552977,1640529769,4.0,8196.0,2021-12-26 21:11:21 UTC
3c856552-2e79-4eb0-b61e-e228d7bf1ab5,1640552950,1640529709,4.0,8195.0,2021-12-26 21:11:21 UTC
3c856552-2e79-4eb0-b61e-e228d7bf1ab5,1640552925,1640529649,4.0,8195.0,2021-12-26 21:11:21 UTC
3c856552-2e79-4eb0-b61e-e228d7bf1ab5,1640552900,1640529589,4.0,8195.0,2021-12-26 21:11:21 UTC
3c856552-2e79-4eb0-b61e-e228d7bf1ab5,1640552874,1640529529,4.0,8195.0,2021-12-26 21:11:21 UTC
3c856552-2e79-4eb0-b61e-e228d7bf1ab5,1640552848,1640529469,5.0,8195.0,2021-12-26 21:07:29 UTC
3c856552-2e79-4eb0-b61e-e228d7bf1ab5,1640552822,1640529409,5.0,8195.0,2021-12-26 21:07:29 UTC
3c856552-2e79-4eb0-b61e-e228d7bf1ab5,1640552797,1640529349,4.0,8195.0,2021-12-26 21:07:29 UTC
3c856552-2e79-4eb0-b61e-e228d7bf1ab5,1640552770,1640529289,5.0,8195.0,2021-12-26 21:07:29 UTC
3c856552-2e79-4eb0-b61e-e228d7bf1ab5,1640552745,1640529229,4.0,8195.0,2021-12-26 21:07:29 UTC
3c856552-2e79-4eb0-b61e-e228d7bf1ab5,1640552719,1640529169,5.0,8195.0,2021-12-26 21:07:29 UTC
3c856552-2e79-4eb0-b61e-e228d7bf1ab5,1640552693,1640529109,4.0,8194.0,2021-12-26 21:07:29 UTC
3c856552-2e79-4eb0-b61e-e228d7bf1ab5,1640552668,1640529049,4.0,8194.0,2021-12-26 21:07:29 UTC
3c856552-2e79-4eb0-b61e-e228d7bf1ab5,1640552642,1640528989,5.0,8194.0,2021-12-26 21:04:02 UTC
3c856552-2e79-4eb0-b61e-e228d7bf1ab5,1640552616,1640528929,4.0,8194.0,2021-12-26 21:04:02 UTC
3c856552-2e79-4eb0-b61e-e228d7bf1ab5,1640552590,1640528869,4.0,8194.0,2021-12-26 21:04:02 UTC
3c856552-2e79-4eb0-b61e-e228d7bf1ab5,1640552565,1640528809,5.0,8194.0,2021-12-26 21:04:02 UTC
3c856552-2e79-4eb0-b61e-e228d7bf1ab5,1640552539,1640528749,4.0,8194.0,2021-12-26 21:04:02 UTC
3c856552-2e79-4eb0-b61e-e228d7bf1ab5,1640552513,1640528689,4.0,8194.0,2021-12-26 21:04:02 UTC
3c856552-2e79-4eb0-b61e-e228d7bf1ab5,1640552487,1640528629,4.0,8194.0,2021-12-26 21:04:02 UTC
3c856552-2e79-4eb0-b61e-e228d7bf1ab5,1640552461,1640528569,4.0,8194.0,2021-12-26 21:04:02 UTC
3c856552-2e79-4eb0-b61e-e228d7bf1ab5,1640552435,1640528509,4.0,8193.0,2021-12-26 21:04:02 UTC
3c856552-2e79-4eb0-b61e-e228d7bf1ab5,1640552409,1640528449,4.0,8193.0,2021-12-26 21:00:24 UTC
3c856552-2e79-4eb0-b61e-e228d7bf1ab5,1640552384,1640528389,4.0,8193.0,2021-12-26 21:00:24 UTC
3c856552-2e79-4eb0-b61e-e228d7bf1ab5,1640552358,1640528329,5.0,8193.0,2021-12-26 21:00:24 UTC
3c856552-2e79-4eb0-b61e-e228d7bf1ab5,1640552332,1640528269,5.0,8193.0,2021-12-26 21:00:24 UTC
3c856552-2e79-4eb0-b61e-e228d7bf1ab5,1640552307,1640528209,5.0,8193.0,2021-12-26 21:00:24 UTC
3c856552-2e79-4eb0-b61e-e228d7bf1ab5,1640552280,1640528149,5.0,8193.0,2021-12-26 21:00:24 UTC
3c856552-2e79-4eb0-b61e-e228d7bf1ab5,1640552255,1640528089,4.0,8193.0,2021-12-26 21:00:24 UTC
3c856552-2e79-4eb0-b61e-e228d7bf1ab5,1640552228,1640528029,4.0,8193.0,2021-12-26 21:00:24 UTC
3c856552-2e79-4eb0-b61e-e228d7bf1ab5,1640552203,1640527969,4.0,8193.0,2021-12-26 20:56:44 UTC
3c856552-2e79-4eb0-b61e-e228d7bf1ab5,1640552177,1640527909,4.0,8193.0,2021-12-26 20:56:44 UTC
3c856552-2e79-4eb0-b61e-e228d7bf1ab5,1640552152,1640527849,5.0,8192.0,2021-12-26 20:56:44 UTC
3c856552-2e79-4eb0-b61e-e228d7bf1ab5,1640552126,1640527789,5.0,8192.0,2021-12-26 20:56:44 UTC
3c856552-2e79-4eb0-b61e-e228d7bf1ab5,1640552100,1640527729,4.0,8192.0,2021-12-26 20:56:44 UTC
3c856552-2e79-4eb0-b61e-e228d7bf1ab5,1640552074,1640527669,5.0,8192.0,2021-12-26 20:56:44 UTC
3c856552-2e79-4eb0-b61e-e228d7bf1ab5,1640552048,1640527609,5.0,8192.0,2021-12-26 20:56:44 UTC
3c856552-2e79-4eb0-b61e-e228d7bf1ab5,1640552022,1640527549,4.0,8192.0,2021-12-26 20:56:44 UTC
3c856552-2e79-4eb0-b61e-e228d7bf1ab5,1640551997,1640527489,4.0,8192.0,2021-12-26 20:53:18 UTC
3c856552-2e79-4eb0-b61e-e228d7bf1ab5,1640551971,1640527429,4.0,8192.0,2021-12-26 20:53:18 UTC
3c856552-2e79-4eb0-b61e-e228d7bf1ab5,1640551946,1640527369,5.0,8192.0,2021-12-26 20:53:18 UTC
3c856552-2e79-4eb0-b61e-e228d7bf1ab5,1640551919,1640527309,4.0,8192.0,2021-12-26 20:53:18 UTC
3c856552-2e79-4eb0-b61e-e228d7bf1ab5,1640551894,1640527249,5.0,8191.0,2021-12-26 20:53:18 UTC
3c856552-2e79-4eb0-b61e-e228d7bf1ab5,1640551867,1640527189,5.0,8191.0,2021-12-26 20:53:18 UTC
3c856552-2e79-4eb0-b61e-e228d7bf1ab5,1640551842,1640527129,4.0,8191.0,2021-12-26 20:53:18 UTC
3c856552-2e79-4eb0-b61e-e228d7bf1ab5,1640551816,1640527069,4.0,8191.0,2021-12-26 20:53:18 UTC
3c856552-2e79-4eb0-b61e-e228d7bf1ab5,1640551790,1640527009,4.0,8191.0,2021-12-26 20:53:18 UTC
3c856552-2e79-4eb0-b61e-e228d7bf1ab5,1640551765,1640526949,4.0,8191.0,2021-12-26 20:49:26 UTC
3c856552-2e79-4eb0-b61e-e228d7bf1ab5,1640551739,1640526889,5.0,8191.0,2021-12-26 20:49:26 UTC
3c856552-2e79-4eb0-b61e-e228d7bf1ab5,1640551713,1640526829,6.0,8191.0,2021-12-26 20:49:26 UTC
3c856552-2e79-4eb0-b61e-e228d7bf1ab5,1640551687,1640526769,5.0,8191.0,2021-12-26 20:49:26 UTC
3c856552-2e79-4eb0-b61e-e228d7bf1ab5,1640551661,1640526709,4.0,8191.0,2021-12-26 20:49:26 UTC
3c856552-2e79-4eb0-b61e-e228d7bf1ab5,1640551636,1640526649,5.0,8190.0,2021-12-26 20:49:26 UTC
3c856552-2e79-4eb0-b61e-e228d7bf1ab5,1640551610,1640526589,5.0,8190.0,2021-12-26 20:49:26 UTC
3c856552-2e79-4eb0-b61e-e228d7bf1ab5,1640551584,1640526529,5.0,8190.0,2021-12-26 20:49:26 UTC
3c856552-2e79-4eb0-b61e-e228d7bf1ab5,1640551558,1640526469,4.0,8190.0,2021-12-26 20:45:59 UTC
3c856552-2e79-4eb0-b61e-e228d7bf1ab5,1640551533,1640526409,5.0,8190.0,2021-12-26 20:45:59 UTC
3c856552-2e79-4eb0-b61e-e228d7bf1ab5,1640551506,1640526349,4.0,8190.0,2021-12-26 20:45:59 UTC
3c856552-2e79-4eb0-b61e-e228d7bf1ab5,1640551481,1640526289,5.0,8190.0,2021-12-26 20:45:59 UTC
3c856552-2e79-4eb0-b61e-e228d7bf1ab5,1640551455,1640526229,4.0,8190.0,2021-12-26 20:45:59 UTC
3c856552-2e79-4eb0-b61e-e228d7bf1ab5,1640551429,1640526169,4.0,8190.0,2021-12-26 20:45:59 UTC
3c856552-2e79-4eb0-b61e-e228d7bf1ab5,1640551403,1640526109,5.0,8190.0,2021-12-26 20:45:59 UTC
3c856552-2e79-4eb0-b61e-e228d7bf1ab5,1640551378,1640526049,4.0,8189.0,2021-12-26 20:45:59 UTC
3c856552-2e79-4eb0-b61e-e228d7bf1ab5,1640551352,1640525989,4.0,8189.0,2021-12-26 20:45:59 UTC
3c856552-2e79-4eb0-b61e-e228d7bf1ab5,1640551325,1640525929,4.0,8189.0,2021-12-26 20:42:24 UTC
3c856552-2e79-4eb0-b61e-e228d7bf1ab5,1640551300,1640525869,3.0,8189.0,2021-12-26 20:42:24 UTC
3c856552-2e79-4eb0-b61e-e228d7bf1ab5,1640551274,1640525809,4.0,8189.0,2021-12-26 20:42:24 UTC
3c856552-2e79-4eb0-b61e-e228d7bf1ab5,1640551249,1640525749,3.0,8189.0,2021-12-26 20:42:24 UTC
3c856552-2e79-4eb0-b61e-e228d7bf1ab5,1640551223,1640525689,5.0,8189.0,2021-12-26 20:42:24 UTC
3c856552-2e79-4eb0-b61e-e228d7bf1ab5,1640551197,1640525629,5.0,8189.0,2021-12-26 20:42:24 UTC
3c856552-2e79-4eb0-b61e-e228d7bf1ab5,1640551172,1640525569,5.0,8189.0,2021-12-26 20:42:24 UTC
3c856552-2e79-4eb0-b61e-e228d7bf1ab5,1640551145,1640525509,4.0,8189.0,2021-12-26 20:42:24 UTC
3c856552-2e79-4eb0-b61e-e228d7bf1ab5,1640551120,1640525449,5.0,8189.0,2021-12-26 20:38:41 UTC
3c856552-2e79-4eb0-b61e-e228d7bf1ab5,1640551093,1640525389,5.0,8188.0,2021-12-26 20:38:41 UTC
3c856552-2e79-4eb0-b61e-e228d7bf1ab5,1640551068,1640525329,4.0,8188.0,2021-12-26 20:38:41 UTC
3c856552-2e79-4eb0-b61e-e228d7bf1ab5,1640551041,1640525269,5.0,8188.0,2021-12-26 20:38:41 UTC
3c856552-2e79-4eb0-b61e-e228d7bf1ab5,1640551016,1640525209,4.0,8188.0,2021-12-26 20:38:41 UTC
3c856552-2e79-4eb0-b61e-e228d7bf1ab5,1640550990,1640525149,5.0,8188.0,2021-12-26 20:38:41 UTC
3c856552-2e79-4eb0-b61e-e228d7bf1ab5,1640550964,1640525089,4.0,8188.0,2021-12-26 20:38:41 UTC
3c856552-2e79-4eb0-b61e-e228d7bf1ab5,1640550938,1640525029,5.0,8188.0,2021-12-26 20:38:41 UTC
3c856552-2e79-4eb0-b61e-e228d7bf1ab5,1640550912,1640524969,5.0,8188.0,2021-12-26 20:35:13 UTC
3c856552-2e79-4eb0-b61e-e228d7bf1ab5,1640550887,1640524909,4.0,8188.0,2021-12-26 20:35:13 UTC
3c856552-2e79-4eb0-b61e-e228d7bf1ab5,1640550861,1640524849,4.0,8188.0,2021-12-26 20:35:13 UTC
3c856552-2e79-4eb0-b61e-e228d7bf1ab5,1640550836,1640524789,4.0,8187.0,2021-12-26 20:35:13 UTC
3c856552-2e79-4eb0-b61e-e228d7bf1ab5,1640550810,1640524729,4.0,8187.0,2021-12-26 20:35:13 UTC
3c856552-2e79-4eb0-b61e-e228d7bf1ab5,1640550784,1640524669,4.0,8187.0,2021-12-26 20:35:13 UTC
3c856552-2e79-4eb0-b61e-e228d7bf1ab5,1640550759,1640524609,5.0,8187.0,2021-12-26 20:35:13 UTC
3c856552-2e79-4eb0-b61e-e228d7bf1ab5,1640550732,1640524549,4.0,8187.0,2021-12-26 20:35:13 UTC
3c856552-2e79-4eb0-b61e-e228d7bf1ab5,1640550707,1640524489,4.0,8187.0,2021-12-26 20:35:13 UTC
3c856552-2e79-4eb0-b61e-e228d7bf1ab5,1640550681,1640524429,5.0,8187.0,2021-12-26 20:31:25 UTC
3c856552-2e79-4eb0-b61e-e228d7bf1ab5,1640550655,1640524369,5.0,8187.0,2021-12-26 20:31:25 UTC
3c856552-2e79-4eb0-b61e-e228d7bf1ab5,1640550630,1640524309,4.0,8187.0,2021-12-26 20:31:25 UTC
3c856552-2e79-4eb0-b61e-e228d7bf1ab5,1640550603,1640524249,5.0,8187.0,2021-12-26 20:31:25 UTC
3c856552-2e79-4eb0-b61e-e228d7bf1ab5,1640550578,1640524189,5.0,8186.0,2021-12-26 20:31:25 UTC
3c856552-2e79-4eb0-b61e-e228d7bf1ab5,1640550552,1640524129,4.0,8186.0,2021-12-26 20:31:25 UTC
3c856552-2e79-4eb0-b61e-e228d7bf1ab5,1640550526,1640524069,4.0,8186.0,2021-12-26 20:31:25 UTC
3c856552-2e79-4eb0-b61e-e228d7bf1ab5,1640550501,1640524009,4.0,8186.0,2021-12-26 20:31:25 UTC
3c856552-2e79-4eb0-b61e-e228d7bf1ab5,1640550475,1640523949,5.0,8186.0,2021-12-26 20:27:56 UTC
3c856552-2e79-4eb0-b61e-e228d7bf1ab5,1640550449,1640523889,4.0,8186.0,2021-12-26 20:27:56 UTC
3c856552-2e79-4eb0-b61e-e228d7bf1ab5,1640550423,1640523829,3.0,8186.0,2021-12-26 20:27:56 UTC
3c856552-2e79-4eb0-b61e-e228d7bf1ab5,1640550398,1640523769,5.0,8186.0,2021-12-26 20:27:56 UTC
3c856552-2e79-4eb0-b61e-e228d7bf1ab5,1640550370,1640523709,4.0,8186.0,2021-12-26 20:27:56 UTC
3c856552-2e79-4eb0-b61e-e228d7bf1ab5,1640550345,1640523649,4.0,8186.0,2021-12-26 20:27:56 UTC
3c856552-2e79-4eb0-b61e-e228d7bf1ab5,1640550319,1640523589,4.0,8185.0,2021-12-26 20:27:56 UTC
3c856552-2e79-4eb0-b61e-e228d7bf1ab5,1640550293,1640523529,5.0,8185.0,2021-12-26 20:27:56 UTC
3c856552-2e79-4eb0-b61e-e228d7bf1ab5,1640550268,1640523469,4.0,8185.0,2021-12-26 20:27:56 UTC
3c856552-2e79-4eb0-b61e-e228d7bf1ab5,1640550241,1640523409,5.0,8185.0,2021-12-26 20:24:24 UTC
3c856552-2e79-4eb0-b61e-e228d7bf1ab5,1640550216,1640523349,5.0,8185.0,2021-12-26 20:24:24 UTC
3c856552-2e79-4eb0-b61e-e228d7bf1ab5,1640550190,1640523289,5.0,8185.0,2021-12-26 20:24:24 UTC
3c856552-2e79-4eb0-b61e-e228d7bf1ab5,1640550164,1640523229,5.0,8185.0,2021-12-26 20:24:24 UTC
3c856552-2e79-4eb0-b61e-e228d7bf1ab5,1640550139,1640523169,5.0,8185.0,2021-12-26 20:24:24 UTC
3c856552-2e79-4eb0-b61e-e228d7bf1ab5,1640550113,1640523109,5.0,8185.0,2021-12-26 20:24:24 UTC
3c856552-2e79-4eb0-b61e-e228d7bf1ab5,1640550087,1640523049,4.0,8185.0,2021-12-26 20:24:24 UTC
3c856552-2e79-4eb0-b61e-e228d7bf1ab5,1640550061,1640522989,4.0,8185.0,2021-12-26 20:24:24 UTC
3c856552-2e79-4eb0-b61e-e228d7bf1ab5,1640550035,1640522929,4.0,8184.0,2021-12-26 20:20:37 UTC
3c856552-2e79-4eb0-b61e-e228d7bf1ab5,1640550009,1640522869,4.0,8184.0,2021-12-26 20:20:37 UTC
3c856552-2e79-4eb0-b61e-e228d7bf1ab5,1640549984,1640522809,5.0,8184.0,2021-12-26 20:20:37 UTC
3c856552-2e79-4eb0-b61e-e228d7bf1ab5,1640549958,1640522749,4.0,8184.0,2021-12-26 20:20:37 UTC
3c856552-2e79-4eb0-b61e-e228d7bf1ab5,1640549932,1640522689,4.0,8184.0,2021-12-26 20:20:37 UTC
3c856552-2e79-4eb0-b61e-e228d7bf1ab5,1640549907,1640522629,5.0,8184.0,2021-12-26 20:20:37 UTC
3c856552-2e79-4eb0-b61e-e228d7bf1ab5,1640549880,1640522569,4.0,8184.0,2021-12-26 20:20:37 UTC
3c856552-2e79-4eb0-b61e-e228d7bf1ab5,1640549855,1640522509,5.0,8184.0,2021-12-26 20:20:37 UTC
3c856552-2e79-4eb0-b61e-e228d7bf1ab5,1640549828,1640522449,4.0,8184.0,2021-12-26 20:17:10 UTC
3c856552-2e79-4eb0-b61e-e228d7bf1ab5,1640549803,1640522389,5.0,8184.0,2021-12-26 20:17:10 UTC
3c856552-2e79-4eb0-b61e-e228d7bf1ab5,1640549777,1640522329,4.0,8183.0,2021-12-26 20:17:10 UTC
3c856552-2e79-4eb0-b61e-e228d7bf1ab5,1640549751,1640522269,4.0,8183.0,2021-12-26 20:17:10 UTC
3c856552-2e79-4eb0-b61e-e228d7bf1ab5,1640549726,1640522209,4.0,8183.0,2021-12-26 20:17:10 UTC
3c856552-2e79-4eb0-b61e-e228d7bf1ab5,1640549699,1640522149,5.0,8183.0,2021-12-26 20:17:10 UTC
3c856552-2e79-4eb0-b61e-e228d7bf1ab5,1640549674,1640522089,4.0,8183.0,2021-12-26 20:17:10 UTC
3c856552-2e79-4eb0-b61e-e228d7bf1ab5,1640549648,1640522029,5.0,8183.0,2021-12-26 20:17:10 UTC
3c856552-2e79-4eb0-b61e-e228d7bf1ab5,1640549622,1640521969,4.0,8183.0,2021-12-26 20:17:10 UTC
3c856552-2e79-4eb0-b61e-e228d7bf1ab5,1640549596,1640521909,4.0,8183.0,2021-12-26 20:13:24 UTC
3c856552-2e79-4eb0-b61e-e228d7bf1ab5,1640549571,1640521849,5.0,8183.0,2021-12-26 20:13:24 UTC
3c856552-2e79-4eb0-b61e-e228d7bf1ab5,1640549545,1640521789,5.0,8183.0,2021-12-26 20:13:24 UTC
3c856552-2e79-4eb0-b61e-e228d7bf1ab5,1640549519,1640521729,5.0,8182.0,2021-12-26 20:13:24 UTC
3c856552-2e79-4eb0-b61e-e228d7bf1ab5,1640549494,1640521669,5.0,8182.0,2021-12-26 20:13:24 UTC
3c856552-2e79-4eb0-b61e-e228d7bf1ab5,1640549467,1640521609,5.0,8182.0,2021-12-26 20:13:24 UTC
3c856552-2e79-4eb0-b61e-e228d7bf1ab5,1640549442,1640521549,4.0,8182.0,2021-12-26 20:13:24 UTC
3c856552-2e79-4eb0-b61e-e228d7bf1ab5,1640549416,1640521489,5.0,8182.0,2021-12-26 20:13:24 UTC
3c856552-2e79-4eb0-b61e-e228d7bf1ab5,1640549390,1640521429,5.0,8182.0,2021-12-26 20:09:52 UTC
3c856552-2e79-4eb0-b61e-e228d7bf1ab5,1640549365,1640521369,5.0,8182.0,2021-12-26 20:09:52 UTC
3c856552-2e79-4eb0-b61e-e228d7bf1ab5,1640549338,1640521309,4.0,8182.0,2021-12-26 20:09:52 UTC
3c856552-2e79-4eb0-b61e-e228d7bf1ab5,1640549313,1640521249,5.0,8182.0,2021-12-26 20:09:52 UTC
3c856552-2e79-4eb0-b61e-e228d7bf1ab5,1640549286,1640521189,4.0,8182.0,2021-12-26 20:09:52 UTC
3c856552-2e79-4eb0-b61e-e228d7bf1ab5,1640549261,1640521129,4.0,8182.0,2021-12-26 20:09:52 UTC
3c856552-2e79-4eb0-b61e-e228d7bf1ab5,1640549235,1640521069,5.0,8181.0,2021-12-26 20:09:52 UTC
3c856552-2e79-4eb0-b61e-e228d7bf1ab5,1640549210,1640521009,5.0,8181.0,2021-12-26 20:09:52 UTC
3c856552-2e79-4eb0-b61e-e228d7bf1ab5,1640549184,1640520949,5.0,8181.0,2021-12-26 20:09:52 UTC
3c856552-2e79-4eb0-b61e-e228d7bf1ab5,1640549158,1640520889,4.0,8181.0,2021-12-26 20:06:24 UTC
3c856552-2e79-4eb0-b61e-e228d7bf1ab5,1640549132,1640520829,4.0,8181.0,2021-12-26 20:06:24 UTC
3c856552-2e79-4eb0-b61e-e228d7bf1ab5,1640549106,1640520769,4.0,8181.0,2021-12-26 20:06:24 UTC
3c856552-2e79-4eb0-b61e-e228d7bf1ab5,1640549080,1640520709,5.0,8181.0,2021-12-26 20:06:24 UTC
3c856552-2e79-4eb0-b61e-e228d7bf1ab5,1640549055,1640520649,5.0,8181.0,2021-12-26 20:06:24 UTC
3c856552-2e79-4eb0-b61e-e228d7bf1ab5,1640549029,1640520589,5.0,8181.0,2021-12-26 20:06:24 UTC
3c856552-2e79-4eb0-b61e-e228d7bf1ab5,1640549003,1640520529,5.0,8181.0,2021-12-26 20:06:24 UTC
3c856552-2e79-4eb0-b61e-e228d7bf1ab5,1640548977,1640520469,5.0,8180.0,2021-12-26 20:06:24 UTC
3c856552-2e79-4eb0-b61e-e228d7bf1ab5,1640548952,1640520409,5.0,8180.0,2021-12-26 20:02:33 UTC
3c856552-2e79-4eb0-b61e-e228d7bf1ab5,1640548925,1640520349,5.0,8180.0,2021-12-26 20:02:33 UTC
3c856552-2e79-4eb0-b61e-e228d7bf1ab5,1640548900,1640520289,4.0,8180.0,2021-12-26 20:02:33 UTC
3c856552-2e79-4eb0-b61e-e228d7bf1ab5,1640548874,1640520229,5.0,8180.0,2021-12-26 20:02:33 UTC
3c856552-2e79-4eb0-b61e-e228d7bf1ab5,1640548848,1640520169,4.0,8180.0,2021-12-26 20:02:33 UTC
3c856552-2e79-4eb0-b61e-e228d7bf1ab5,1640548822,1640520109,4.0,8180.0,2021-12-26 20:02:33 UTC
3c856552-2e79-4eb0-b61e-e228d7bf1ab5,1640548796,1640520049,5.0,8180.0,2021-12-26 20:02:33 UTC
3c856552-2e79-4eb0-b61e-e228d7bf1ab5,1640548771,1640519989,4.0,8180.0,2021-12-26 20:02:33 UTC
3c856552-2e79-4eb0-b61e-e228d7bf1ab5,1640548745,1640519929,4.0,8180.0,2021-12-26 19:59:06 UTC
3c856552-2e79-4eb0-b61e-e228d7bf1ab5,1640548719,1640519869,4.0,8179.0,2021-12-26 19:59:06 UTC
3c856552-2e79-4eb0-b61e-e228d7bf1ab5,1640548693,1640519809,4.0,8179.0,2021-12-26 19:59:06 UTC
3c856552-2e79-4eb0-b61e-e228d7bf1ab5,1640548668,1640519749,4.0,8179.0,2021-12-26 19:59:06 UTC
3c856552-2e79-4eb0-b61e-e228d7bf1ab5,1640548642,1640519689,4.0,8179.0,2021-12-26 19:59:06 UTC
3c856552-2e79-4eb0-b61e-e228d7bf1ab5,1640548616,1640519629,5.0,8179.0,2021-12-26 19:59:06 UTC
3c856552-2e79-4eb0-b61e-e228d7bf1ab5,1640548591,1640519569,4.0,8179.0,2021-12-26 19:59:06 UTC
3c856552-2e79-4eb0-b61e-e228d7bf1ab5,1640548564,1640519509,5.0,8179.0,2021-12-26 19:59:06 UTC
3c856552-2e79-4eb0-b61e-e228d7bf1ab5,1640548539,1640519449,4.0,8179.0,2021-12-26 19:59:06 UTC
3c856552-2e79-4eb0-b61e-e228d7bf1ab5,1640548512,1640519389,4.0,8179.0,2021-12-26 19:55:24 UTC
3c856552-2e79-4eb0-b61e-e228d7bf1ab5,1640548487,1640519329,5.0,8179.0,2021-12-26 19:55:24 UTC
3c856552-2e79-4eb0-b61e-e228d7bf1ab5,1640548461,1640519269,4.0,8178.0,2021-12-26 19:55:24 UTC
3c856552-2e79-4eb0-b61e-e228d7bf1ab5,1640548435,1640519209,4.0,8178.0,2021-12-26 19:55:24 UTC
3c856552-2e79-4eb0-b61e-e228d7bf1ab5,1640548410,1640519149,5.0,8178.0,2021-12-26 19:55:24 UTC
3c856552-2e79-4eb0-b61e-e228d7bf1ab5,1640548383,1640519089,5.0,8178.0,2021-12-26 19:55:24 UTC
3c856552-2e79-4eb0-b61e-e228d7bf1ab5,1640548358,1640519029,4.0,8178.0,2021-12-26 19:55:24 UTC
3c856552-2e79-4eb0-b61e-e228d7bf1ab5,1640548331,1640518969,5.0,8178.0,2021-12-26 19:55:24 UTC
3c856552-2e79-4eb0-b61e-e228d7bf1ab5,1640548306,1640518909,5.0,8178.0,2021-12-26 19:51:48 UTC
3c856552-2e79-4eb0-b61e-e228d7bf1ab5,1640548280,1640518849,4.0,8178.0,2021-12-26 19:51:48 UTC
3c856552-2e79-4eb0-b61e-e228d7bf1ab5,1640548255,1640518789,4.0,8178.0,2021-12-26 19:51:48 UTC
3c856552-2e79-4eb0-b61e-e228d7bf1ab5,1640548229,1640518729,5.0,8178.0,2021-12-26 19:51:48 UTC
3c856552-2e79-4eb0-b61e-e228d7bf1ab5,1640548203,1640518669,4.0,8178.0,2021-12-26 19:51:48 UTC
3c856552-2e79-4eb0-b61e-e228d7bf1ab5,1640548177,1640518609,4.0,8177.0,2021-12-26 19:51:48 UTC
3c856552-2e79-4eb0-b61e-e228d7bf1ab5,1640548151,1640518549,4.0,8177.0,2021-12-26 19:51:48 UTC
3c856552-2e79-4eb0-b61e-e228d7bf1ab5,1640548126,1640518489,4.0,8177.0,2021-12-26 19:51:48 UTC
3c856552-2e79-4eb0-b61e-e228d7bf1ab5,1640548100,1640518429,4.0,8177.0,2021-12-26 19:48:21 UTC
3c856552-2e79-4eb0-b61e-e228d7bf1ab5,1640548074,1640518369,4.0,8177.0,2021-12-26 19:48:21 UTC
3c856552-2e79-4eb0-b61e-e228d7bf1ab5,1640548049,1640518309,4.0,8177.0,2021-12-26 19:48:21 UTC
3c856552-2e79-4eb0-b61e-e228d7bf1ab5,1640548022,1640518249,4.0,8177.0,2021-12-26 19:48:21 UTC
3c856552-2e79-4eb0-b61e-e228d7bf1ab5,1640547997,1640518189,5.0,8177.0,2021-12-26 19:48:21 UTC
3c856552-2e79-4eb0-b61e-e228d7bf1ab5,1640547970,1640518129,4.0,8177.0,2021-12-26 19:48:21 UTC
3c856552-2e79-4eb0-b61e-e228d7bf1ab5,1640547945,1640518069,5.0,8177.0,2021-12-26 19:48:21 UTC
3c856552-2e79-4eb0-b61e-e228d7bf1ab5,1640547919,1640518009,5.0,8176.0,2021-12-26 19:48:21 UTC
3c856552-2e79-4eb0-b61e-e228d7bf1ab5,1640547893,1640517949,5.0,8176.0,2021-12-26 19:48:21 UTC
3c856552-2e79-4eb0-b61e-e228d7bf1ab5,1640547868,1640517889,5.0,8176.0,2021-12-26 19:44:30 UTC
3c856552-2e79-4eb0-b61e-e228d7bf1ab5,1640547842,1640517829,4.0,8176.0,2021-12-26 19:44:30 UTC
3c856552-2e79-4eb0-b61e-e228d7bf1ab5,1640547816,1640517769,5.0,8176.0,2021-12-26 19:44:30 UTC
3c856552-2e79-4eb0-b61e-e228d7bf1ab5,1640547790,1640517709,4.0,8176.0,2021-12-26 19:44:30 UTC
3c856552-2e79-4eb0-b61e-e228d7bf1ab5,1640547764,1640517649,5.0,8176.0,2021-12-26 19:44:30 UTC
3c856552-2e79-4eb0-b61e-e228d7bf1ab5,1640547739,1640517589,5.0,8176.0,2021-12-26 19:44:30 UTC
3c856552-2e79-4eb0-b61e-e228d7bf1ab5,1640547713,1640517529,5.0,8176.0,2021-12-26 19:44:30 UTC
3c856552-2e79-4eb0-b61e-e228d7bf1ab5,1640547688,1640517469,4.0,8176.0,2021-12-26 19:44:30 UTC
3c856552-2e79-4eb0-b61e-e228d7bf1ab5,1640547661,1640517409,4.0,8175.0,2021-12-26 19:41:03 UTC
3c856552-2e79-4eb0-b61e-e228d7bf1ab5,1640547636,1640517349,4.0,8175.0,2021-12-26 19:41:03 UTC
3c856552-2e79-4eb0-b61e-e228d7bf1ab5,1640547609,1640517289,5.0,8175.0,2021-12-26 19:41:03 UTC
3c856552-2e79-4eb0-b61e-e228d7bf1ab5,1640547584,1640517229,5.0,8175.0,2021-12-26 19:41:03 UTC
3c856552-2e79-4eb0-b61e-e228d7bf1ab5,1640547558,1640517169,5.0,8175.0,2021-12-26 19:41:03 UTC
3c856552-2e79-4eb0-b61e-e228d7bf1ab5,1640547532,1640517109,4.0,8175.0,2021-12-26 19:41:03 UTC
3c856552-2e79-4eb0-b61e-e228d7bf1ab5,1640547507,1640517049,5.0,8175.0,2021-12-26 19:41:03 UTC
3c856552-2e79-4eb0-b61e-e228d7bf1ab5,1640547480,1640516989,4.0,8175.0,2021-12-26 19:41:03 UTC
3c856552-2e79-4eb0-b61e-e228d7bf1ab5,1640547455,1640516929,5.0,8175.0,2021-12-26 19:41:03 UTC
3c856552-2e79-4eb0-b61e-e228d7bf1ab5,1640547429,1640516869,5.0,8175.0,2021-12-26 19:37:24 UTC
3c856552-2e79-4eb0-b61e-e228d7bf1ab5,1640547403,1640516809,4.0,8175.0,2021-12-26 19:37:24 UTC
3c856552-2e79-4eb0-b61e-e228d7bf1ab5,1640547377,1640516749,4.0,8174.0,2021-12-26 19:37:24 UTC
3c856552-2e79-4eb0-b61e-e228d7bf1ab5,1640547352,1640516689,5.0,8174.0,2021-12-26 19:37:24 UTC
3c856552-2e79-4eb0-b61e-e228d7bf1ab5,1640547326,1640516629,4.0,8174.0,2021-12-26 19:37:24 UTC
3c856552-2e79-4eb0-b61e-e228d7bf1ab5,1640547300,1640516569,3.0,8174.0,2021-12-26 19:37:24 UTC
3c856552-2e79-4eb0-b61e-e228d7bf1ab5,1640547274,1640516509,5.0,8174.0,2021-12-26 19:37:24 UTC
3c856552-2e79-4eb0-b61e-e228d7bf1ab5,1640547248,1640516449,5.0,8174.0,2021-12-26 19:37:24 UTC
3c856552-2e79-4eb0-b61e-e228d7bf1ab5,1640547223,1640516389,4.0,8174.0,2021-12-26 19:33:44 UTC
3c856552-2e79-4eb0-b61e-e228d7bf1ab5,1640547197,1640516329,4.0,8174.0,2021-12-26 19:33:44 UTC
3c856552-2e79-4eb0-b61e-e228d7bf1ab5,1640547171,1640516269,4.0,8174.0,2021-12-26 19:33:44 UTC
3c856552-2e79-4eb0-b61e-e228d7bf1ab5,1640547146,1640516209,4.0,8174.0,2021-12-26 19:33:44 UTC
3c856552-2e79-4eb0-b61e-e228d7bf1ab5,1640547119,1640516149,5.0,8173.0,2021-12-26 19:33:44 UTC
3c856552-2e79-4eb0-b61e-e228d7bf1ab5,1640547094,1640516089,5.0,8173.0,2021-12-26 19:33:44 UTC
3c856552-2e79-4eb0-b61e-e228d7bf1ab5,1640547067,1640516029,4.0,8173.0,2021-12-26 19:33:44 UTC
3c856552-2e79-4eb0-b61e-e228d7bf1ab5,1640547042,1640515969,4.0,8173.0,2021-12-26 19:33:44 UTC
3c856552-2e79-4eb0-b61e-e228d7bf1ab5,1640547016,1640515909,4.0,8173.0,2021-12-26 19:30:18 UTC
3c856552-2e79-4eb0-b61e-e228d7bf1ab5,1640546990,1640515849,4.0,8173.0,2021-12-26 19:30:18 UTC
3c856552-2e79-4eb0-b61e-e228d7bf1ab5,1640546965,1640515789,4.0,8173.0,2021-12-26 19:30:18 UTC
3c856552-2e79-4eb0-b61e-e228d7bf1ab5,1640546938,1640515729,4.0,8173.0,2021-12-26 19:30:18 UTC
3c856552-2e79-4eb0-b61e-e228d7bf1ab5,1640546913,1640515669,4.0,8173.0,2021-12-26 19:30:18 UTC
3c856552-2e79-4eb0-b61e-e228d7bf1ab5,1640546887,1640515609,4.0,8173.0,2021-12-26 19:30:18 UTC
3c856552-2e79-4eb0-b61e-e228d7bf1ab5,1640546861,1640515549,4.0,8173.0,2021-12-26 19:30:18 UTC
3c856552-2e79-4eb0-b61e-e228d7bf1ab5,1640546836,1640515489,5.0,8172.0,2021-12-26 19:30:18 UTC
3c856552-2e79-4eb0-b61e-e228d7bf1ab5,1640546810,1640515429,5.0,8172.0,2021-12-26 19:30:18 UTC
3c856552-2e79-4eb0-b61e-e228d7bf1ab5,1640546785,1640515369,5.0,8172.0,2021-12-26 19:26:26 UTC
3c856552-2e79-4eb0-b61e-e228d7bf1ab5,1640546758,1640515309,4.0,8172.0,2021-12-26 19:26:26 UTC
3c856552-2e79-4eb0-b61e-e228d7bf1ab5,1640546733,1640515249,4.0,8172.0,2021-12-26 19:26:26 UTC
3c856552-2e79-4eb0-b61e-e228d7bf1ab5,1640546706,1640515189,5.0,8172.0,2021-12-26 19:26:26 UTC
3c856552-2e79-4eb0-b61e-e228d7bf1ab5,1640546681,1640515129,4.0,8172.0,2021-12-26 19:26:26 UTC
3c856552-2e79-4eb0-b61e-e228d7bf1ab5,1640546655,1640515069,4.0,8172.0,2021-12-26 19:26:26 UTC
3c856552-2e79-4eb0-b61e-e228d7bf1ab5,1640546629,1640515009,4.0,8172.0,2021-12-26 19:26:26 UTC
3c856552-2e79-4eb0-b61e-e228d7bf1ab5,1640546604,1640514949,3.0,8172.0,2021-12-26 19:26:26 UTC
3c856552-2e79-4eb0-b61e-e228d7bf1ab5,1640546577,1640514893,5.0,8172.0,2021-12-26 19:22:59 UTC
3c856552-2e79-4eb0-b61e-e228d7bf1ab5,1640546552,1640514833,4.0,8171.0,2021-12-26 19:22:59 UTC
3c856552-2e79-4eb0-b61e-e228d7bf1ab5,1640546525,1640514773,5.0,8171.0,2021-12-26 19:22:59 UTC
3c856552-2e79-4eb0-b61e-e228d7bf1ab5,1640546500,1640514713,5.0,8171.0,2021-12-26 19:22:59 UTC
3c856552-2e79-4eb0-b61e-e228d7bf1ab5,1640546474,1640514653,4.0,8171.0,2021-12-26 19:22:59 UTC
3c856552-2e79-4eb0-b61e-e228d7bf1ab5,1640546449,1640514593,4.0,8171.0,2021-12-26 19:22:59 UTC
3c856552-2e79-4eb0-b61e-e228d7bf1ab5,1640546423,1640514533,4.0,8171.0,2021-12-26 19:22:59 UTC
3c856552-2e79-4eb0-b61e-e228d7bf1ab5,1640546397,1640514473,4.0,8171.0,2021-12-26 19:22:59 UTC
3c856552-2e79-4eb0-b61e-e228d7bf1ab5,1640546371,1640514413,4.0,8171.0,2021-12-26 19:22:59 UTC
3c856552-2e79-4eb0-b61e-e228d7bf1ab5,1640546345,1640514353,4.0,8171.0,2021-12-26 19:19:24 UTC
3c856552-2e79-4eb0-b61e-e228d7bf1ab5,1640546320,1640514293,5.0,8171.0,2021-12-26 19:19:24 UTC
3c856552-2e79-4eb0-b61e-e228d7bf1ab5,1640546293,1640514233,4.0,8170.0,2021-12-26 19:19:24 UTC
3c856552-2e79-4eb0-b61e-e228d7bf1ab5,1640546268,1640514173,5.0,8170.0,2021-12-26 19:19:24 UTC
3c856552-2e79-4eb0-b61e-e228d7bf1ab5,1640546242,1640514113,5.0,8170.0,2021-12-26 19:19:24 UTC
3c856552-2e79-4eb0-b61e-e228d7bf1ab5,1640546216,1640514053,5.0,8170.0,2021-12-26 19:19:24 UTC
3c856552-2e79-4eb0-b61e-e228d7bf1ab5,1640546191,1640513993,5.0,8170.0,2021-12-26 19:19:24 UTC
3c856552-2e79-4eb0-b61e-e228d7bf1ab5,1640546164,1640513933,4.0,8170.0,2021-12-26 19:19:24 UTC
3c856552-2e79-4eb0-b61e-e228d7bf1ab5,1640546139,1640513873,4.0,8170.0,2021-12-26 19:15:41 UTC
3c856552-2e79-4eb0-b61e-e228d7bf1ab5,1640546112,1640513813,4.0,8170.0,2021-12-26 19:15:41 UTC
3c856552-2e79-4eb0-b61e-e228d7bf1ab5,1640546087,1640513753,5.0,8170.0,2021-12-26 19:15:41 UTC
3c856552-2e79-4eb0-b61e-e228d7bf1ab5,1640546061,1640513693,5.0,8170.0,2021-12-26 19:15:41 UTC
3c856552-2e79-4eb0-b61e-e228d7bf1ab5,1640546036,1640513633,4.0,8170.0,2021-12-26 19:15:41 UTC
3c856552-2e79-4eb0-b61e-e228d7bf1ab5,1640546010,1640513573,3.0,8169.0,2021-12-26 19:15:41 UTC
3c856552-2e79-4eb0-b61e-e228d7bf1ab5,1640545984,1640513513,5.0,8169.0,2021-12-26 19:15:41 UTC
3c856552-2e79-4eb0-b61e-e228d7bf1ab5,1640545958,1640513453,4.0,8169.0,2021-12-26 19:15:41 UTC
3c856552-2e79-4eb0-b61e-e228d7bf1ab5,1640545932,1640513393,5.0,8169.0,2021-12-26 19:12:13 UTC
3c856552-2e79-4eb0-b61e-e228d7bf1ab5,1640545906,1640513333,5.0,8169.0,2021-12-26 19:12:13 UTC
3c856552-2e79-4eb0-b61e-e228d7bf1ab5,1640545881,1640513273,4.0,8169.0,2021-12-26 19:12:13 UTC
3c856552-2e79-4eb0-b61e-e228d7bf1ab5,1640545855,1640513213,4.0,8169.0,2021-12-26 19:12:13 UTC
3c856552-2e79-4eb0-b61e-e228d7bf1ab5,1640545830,1640513153,5.0,8169.0,2021-12-26 19:12:13 UTC
3c856552-2e79-4eb0-b61e-e228d7bf1ab5,1640545803,1640513093,4.0,8169.0,2021-12-26 19:12:13 UTC
3c856552-2e79-4eb0-b61e-e228d7bf1ab5,1640545778,1640513033,5.0,8169.0,2021-12-26 19:12:13 UTC
3c856552-2e79-4eb0-b61e-e228d7bf1ab5,1640545751,1640512973,4.0,8168.0,2021-12-26 19:12:13 UTC
3c856552-2e79-4eb0-b61e-e228d7bf1ab5,1640545726,1640512913,4.0,8168.0,2021-12-26 19:12:13 UTC
3c856552-2e79-4eb0-b61e-e228d7bf1ab5,1640545700,1640512853,5.0,8168.0,2021-12-26 19:08:25 UTC
3c856552-2e79-4eb0-b61e-e228d7bf1ab5,1640545674,1640512793,4.0,8168.0,2021-12-26 19:08:25 UTC
3c856552-2e79-4eb0-b61e-e228d7bf1ab5,1640545649,1640512733,4.0,8168.0,2021-12-26 19:08:25 UTC
3c856552-2e79-4eb0-b61e-e228d7bf1ab5,1640545623,1640512673,4.0,8168.0,2021-12-26 19:08:25 UTC
3c856552-2e79-4eb0-b61e-e228d7bf1ab5,1640545597,1640512613,4.0,8168.0,2021-12-26 19:08:25 UTC
3c856552-2e79-4eb0-b61e-e228d7bf1ab5,1640545571,1640512553,5.0,8168.0,2021-12-26 19:08:25 UTC
3c856552-2e79-4eb0-b61e-e228d7bf1ab5,1640545545,1640512493,5.0,8168.0,2021-12-26 19:08:25 UTC
3c856552-2e79-4eb0-b61e-e228d7bf1ab5,1640545519,1640512433,5.0,8168.0,2021-12-26 19:08:25 UTC
3c856552-2e79-4eb0-b61e-e228d7bf1ab5,1640545493,1640512373,5.0,8167.0,2021-12-26 19:04:55 UTC
3c856552-2e79-4eb0-b61e-e228d7bf1ab5,1640545468,1640512313,4.0,8167.0,2021-12-26 19:04:55 UTC
3c856552-2e79-4eb0-b61e-e228d7bf1ab5,1640545441,1640512253,4.0,8167.0,2021-12-26 19:04:55 UTC
3c856552-2e79-4eb0-b61e-e228d7bf1ab5,1640545415,1640512193,5.0,8167.0,2021-12-26 19:04:55 UTC
3c856552-2e79-4eb0-b61e-e228d7bf1ab5,1640545388,1640512133,4.0,8167.0,2021-12-26 19:04:55 UTC
3c856552-2e79-4eb0-b61e-e228d7bf1ab5,1640545363,1640512073,4.0,8167.0,2021-12-26 19:04:55 UTC
3c856552-2e79-4eb0-b61e-e228d7bf1ab5,1640545337,1640512013,4.0,8167.0,2021-12-26 19:04:55 UTC
3c856552-2e79-4eb0-b61e-e228d7bf1ab5,1640545311,1640511953,5.0,8167.0,2021-12-26 19:04:55 UTC
3c856552-2e79-4eb0-b61e-e228d7bf1ab5,1640545285,1640511893,5.0,8167.0,2021-12-26 19:04:55 UTC
3c856552-2e79-4eb0-b61e-e228d7bf1ab5,1640545259,1640511833,5.0,8167.0,2021-12-26 19:01:25 UTC
3c856552-2e79-4eb0-b61e-e228d7bf1ab5,1640545233,1640511773,4.0,8167.0,2021-12-26 19:01:25 UTC
3c856552-2e79-4eb0-b61e-e228d7bf1ab5,1640545206,1640511713,4.0,8166.0,2021-12-26 19:01:25 UTC
3c856552-2e79-4eb0-b61e-e228d7bf1ab5,1640545181,1640511653,5.0,8166.0,2021-12-26 19:01:25 UTC
3c856552-2e79-4eb0-b61e-e228d7bf1ab5,1640545155,1640511593,4.0,8166.0,2021-12-26 19:01:25 UTC
3c856552-2e79-4eb0-b61e-e228d7bf1ab5,1640545129,1640511533,5.0,8166.0,2021-12-26 19:01:25 UTC
3c856552-2e79-4eb0-b61e-e228d7bf1ab5,1640545102,1640511473,5.0,8166.0,2021-12-26 19:01:25 UTC
3c856552-2e79-4eb0-b61e-e228d7bf1ab5,1640545076,1640511413,4.0,8166.0,2021-12-26 19:01:25 UTC
3c856552-2e79-4eb0-b61e-e228d7bf1ab5,1640545051,1640511353,5.0,8166.0,2021-12-26 18:57:32 UTC
3c856552-2e79-4eb0-b61e-e228d7bf1ab5,1640545024,1640511293,4.0,8166.0,2021-12-26 18:57:32 UTC
3c856552-2e79-4eb0-b61e-e228d7bf1ab5,1640544998,1640511233,5.0,8166.0,2021-12-26 18:57:32 UTC
3c856552-2e79-4eb0-b61e-e228d7bf1ab5,1640544972,1640511173,4.0,8166.0,2021-12-26 18:57:32 UTC
3c856552-2e79-4eb0-b61e-e228d7bf1ab5,1640544946,1640511113,4.0,8165.0,2021-12-26 18:57:32 UTC
3c856552-2e79-4eb0-b61e-e228d7bf1ab5,1640544920,1640511053,4.0,8165.0,2021-12-26 18:57:32 UTC
3c856552-2e79-4eb0-b61e-e228d7bf1ab5,1640544894,1640510993,4.0,8165.0,2021-12-26 18:57:32 UTC
3c856552-2e79-4eb0-b61e-e228d7bf1ab5,1640544869,1640510933,5.0,8165.0,2021-12-26 18:57:32 UTC
3c856552-2e79-4eb0-b61e-e228d7bf1ab5,1640544842,1640510873,4.0,8165.0,2021-12-26 18:54:03 UTC
3c856552-2e79-4eb0-b61e-e228d7bf1ab5,1640544816,1640510813,4.0,8165.0,2021-12-26 18:54:03 UTC
3c856552-2e79-4eb0-b61e-e228d7bf1ab5,1640544789,1640510753,5.0,8165.0,2021-12-26 18:54:03 UTC
3c856552-2e79-4eb0-b61e-e228d7bf1ab5,1640544764,1640510693,5.0,8165.0,2021-12-26 18:54:03 UTC
3c856552-2e79-4eb0-b61e-e228d7bf1ab5,1640544738,1640510633,5.0,8165.0,2021-12-26 18:54:03 UTC
3c856552-2e79-4eb0-b61e-e228d7bf1ab5,1640544712,1640510573,5.0,8165.0,2021-12-26 18:54:03 UTC
3c856552-2e79-4eb0-b61e-e228d7bf1ab5,1640544686,1640510513,5.0,8165.0,2021-12-26 18:54:03 UTC
3c856552-2e79-4eb0-b61e-e228d7bf1ab5,1640544660,1640510453,5.0,8164.0,2021-12-26 18:54:03 UTC
3c856552-2e79-4eb0-b61e-e228d7bf1ab5,1640544634,1640510393,5.0,8164.0,2021-12-26 18:54:03 UTC
3c856552-2e79-4eb0-b61e-e228d7bf1ab5,1640544607,1640510333,5.0,8164.0,2021-12-26 18:50:24 UTC
3c856552-2e79-4eb0-b61e-e228d7bf1ab5,1640544582,1640510273,5.0,8164.0,2021-12-26 18:50:24 UTC
3c856552-2e79-4eb0-b61e-e228d7bf1ab5,1640544556,1640510213,3.0,8164.0,2021-12-26 18:50:24 UTC
3c856552-2e79-4eb0-b61e-e228d7bf1ab5,1640544530,1640510153,4.0,8164.0,2021-12-26 18:50:24 UTC
3c856552-2e79-4eb0-b61e-e228d7bf1ab5,1640544504,1640510093,5.0,8164.0,2021-12-26 18:50:24 UTC
3c856552-2e79-4eb0-b61e-e228d7bf1ab5,1640544477,1640510033,5.0,8164.0,2021-12-26 18:50:24 UTC
3c856552-2e79-4eb0-b61e-e228d7bf1ab5,1640544452,1640509973,5.0,8164.0,2021-12-26 18:50:24 UTC
3c856552-2e79-4eb0-b61e-e228d7bf1ab5,1640544425,1640509913,3.0,8164.0,2021-12-26 18:50:24 UTC
3c856552-2e79-4eb0-b61e-e228d7bf1ab5,1640544399,1640509853,5.0,8163.0,2021-12-26 18:46:41 UTC
3c856552-2e79-4eb0-b61e-e228d7bf1ab5,1640544373,1640509793,4.0,8163.0,2021-12-26 18:46:41 UTC
3c856552-2e79-4eb0-b61e-e228d7bf1ab5,1640544348,1640509733,4.0,8163.0,2021-12-26 18:46:41 UTC
3c856552-2e79-4eb0-b61e-e228d7bf1ab5,1640544321,1640509673,4.0,8163.0,2021-12-26 18:46:41 UTC
3c856552-2e79-4eb0-b61e-e228d7bf1ab5,1640544295,1640509613,4.0,8163.0,2021-12-26 18:46:41 UTC
3c856552-2e79-4eb0-b61e-e228d7bf1ab5,1640544270,1640509553,5.0,8163.0,2021-12-26 18:46:41 UTC
3c856552-2e79-4eb0-b61e-e228d7bf1ab5,1640544243,1640509493,4.0,8163.0,2021-12-26 18:46:41 UTC
3c856552-2e79-4eb0-b61e-e228d7bf1ab5,1640544217,1640509433,4.0,8163.0,2021-12-26 18:46:41 UTC
3c856552-2e79-4eb0-b61e-e228d7bf1ab5,1640544191,1640509373,5.0,8163.0,2021-12-26 18:43:12 UTC
3c856552-2e79-4eb0-b61e-e228d7bf1ab5,1640544165,1640509313,4.0,8163.0,2021-12-26 18:43:12 UTC
3c856552-2e79-4eb0-b61e-e228d7bf1ab5,1640544139,1640509253,4.0,8162.0,2021-12-26 18:43:12 UTC
3c856552-2e79-4eb0-b61e-e228d7bf1ab5,1640544113,1640509193,5.0,8162.0,2021-12-26 18:43:12 UTC
3c856552-2e79-4eb0-b61e-e228d7bf1ab5,1640544088,1640509133,4.0,8162.0,2021-12-26 18:43:12 UTC
3c856552-2e79-4eb0-b61e-e228d7bf1ab5,1640544061,1640509073,5.0,8162.0,2021-12-26 18:43:12 UTC
3c856552-2e79-4eb0-b61e-e228d7bf1ab5,1640544035,1640509013,5.0,8162.0,2021-12-26 18:43:12 UTC
3c856552-2e79-4eb0-b61e-e228d7bf1ab5,1640544008,1640508953,5.0,8162.0,2021-12-26 18:43:12 UTC
3c856552-2e79-4eb0-b61e-e228d7bf1ab5,1640543983,1640508893,4.0,8162.0,2021-12-26 18:43:12 UTC
3c856552-2e79-4eb0-b61e-e228d7bf1ab5,1640543957,1640508833,4.0,8162.0,2021-12-26 18:39:25 UTC
3c856552-2e79-4eb0-b61e-e228d7bf1ab5,1640543931,1640508773,5.0,8162.0,2021-12-26 18:39:25 UTC
3c856552-2e79-4eb0-b61e-e228d7bf1ab5,1640543906,1640508713,5.0,8162.0,2021-12-26 18:39:25 UTC
3c856552-2e79-4eb0-b61e-e228d7bf1ab5,1640543879,1640508653,4.0,8161.0,2021-12-26 18:39:25 UTC
3c856552-2e79-4eb0-b61e-e228d7bf1ab5,1640543853,1640508593,4.0,8161.0,2021-12-26 18:39:25 UTC
3c856552-2e79-4eb0-b61e-e228d7bf1ab5,1640543826,1640508533,5.0,8161.0,2021-12-26 18:39:25 UTC
3c856552-2e79-4eb0-b61e-e228d7bf1ab5,1640543801,1640508473,5.0,8161.0,2021-12-26 18:39:25 UTC
3c856552-2e79-4eb0-b61e-e228d7bf1ab5,1640543775,1640508413,5.0,8161.0,2021-12-26 18:39:25 UTC
3c856552-2e79-4eb0-b61e-e228d7bf1ab5,1640543749,1640508353,4.0,8161.0,2021-12-26 18:35:50 UTC
3c856552-2e79-4eb0-b61e-e228d7bf1ab5,1640543723,1640508293,4.0,8161.0,2021-12-26 18:35:50 UTC
3c856552-2e79-4eb0-b61e-e228d7bf1ab5,1640543697,1640508233,4.0,8161.0,2021-12-26 18:35:50 UTC
3c856552-2e79-4eb0-b61e-e228d7bf1ab5,1640543671,1640508173,5.0,8161.0,2021-12-26 18:35:50 UTC
3c856552-2e79-4eb0-b61e-e228d7bf1ab5,1640543644,1640508113,5.0,8161.0,2021-12-26 18:35:50 UTC
3c856552-2e79-4eb0-b61e-e228d7bf1ab5,1640543619,1640508053,4.0,8161.0,2021-12-26 18:35:50 UTC
3c856552-2e79-4eb0-b61e-e228d7bf1ab5,1640543592,1640507993,5.0,8160.0,2021-12-26 18:35:50 UTC
3c856552-2e79-4eb0-b61e-e228d7bf1ab5,1640543567,1640507933,5.0,8160.0,2021-12-26 18:35:50 UTC
3c856552-2e79-4eb0-b61e-e228d7bf1ab5,1640543540,1640507873,5.0,8160.0,2021-12-26 18:32:22 UTC
3c856552-2e79-4eb0-b61e-e228d7bf1ab5,1640543514,1640507813,4.0,8160.0,2021-12-26 18:32:22 UTC
3c856552-2e79-4eb0-b61e-e228d7bf1ab5,1640543489,1640507753,4.0,8160.0,2021-12-26 18:32:22 UTC
3c856552-2e79-4eb0-b61e-e228d7bf1ab5,1640543462,1640507693,5.0,8160.0,2021-12-26 18:32:22 UTC
3c856552-2e79-4eb0-b61e-e228d7bf1ab5,1640543436,1640507633,4.0,8160.0,2021-12-26 18:32:22 UTC
3c856552-2e79-4eb0-b61e-e228d7bf1ab5,1640543410,1640507573,4.0,8160.0,2021-12-26 18:32:22 UTC
3c856552-2e79-4eb0-b61e-e228d7bf1ab5,1640543384,1640507513,4.0,8160.0,2021-12-26 18:32:22 UTC
3c856552-2e79-4eb0-b61e-e228d7bf1ab5,1640543358,1640507453,4.0,8160.0,2021-12-26 18:32:22 UTC
3c856552-2e79-4eb0-b61e-e228d7bf1ab5,1640543332,1640507393,5.0,8159.0,2021-12-26 18:32:22 UTC
3c856552-2e79-4eb0-b61e-e228d7bf1ab5,1640543307,1640507333,4.0,8159.0,2021-12-26 18:28:28 UTC
3c856552-2e79-4eb0-b61e-e228d7bf1ab5,1640543280,1640507273,4.0,8159.0,2021-12-26 18:28:28 UTC
3c856552-2e79-4eb0-b61e-e228d7bf1ab5,1640543254,1640507213,5.0,8159.0,2021-12-26 18:28:28 UTC
3c856552-2e79-4eb0-b61e-e228d7bf1ab5,1640543228,1640507153,4.0,8159.0,2021-12-26 18:28:28 UTC
3c856552-2e79-4eb0-b61e-e228d7bf1ab5,1640543202,1640507093,5.0,8159.0,2021-12-26 18:28:28 UTC
3c856552-2e79-4eb0-b61e-e228d7bf1ab5,1640543176,1640507033,4.0,8159.0,2021-12-26 18:28:28 UTC
3c856552-2e79-4eb0-b61e-e228d7bf1ab5,1640543150,1640506973,4.0,8159.0,2021-12-26 18:28:28 UTC
3c856552-2e79-4eb0-b61e-e228d7bf1ab5,1640543125,1640506913,5.0,8159.0,2021-12-26 18:28:28 UTC
3c856552-2e79-4eb0-b61e-e228d7bf1ab5,1640543098,1640506853,4.0,8159.0,2021-12-26 18:24:59 UTC
3c856552-2e79-4eb0-b61e-e228d7bf1ab5,1640543072,1640506793,4.0,8158.0,2021-12-26 18:24:59 UTC
3c856552-2e79-4eb0-b61e-e228d7bf1ab5,1640543046,1640506733,5.0,8158.0,2021-12-26 18:24:59 UTC
3c856552-2e79-4eb0-b61e-e228d7bf1ab5,1640543020,1640506673,4.0,8158.0,2021-12-26 18:24:59 UTC
3c856552-2e79-4eb0-b61e-e228d7bf1ab5,1640542994,1640506613,5.0,8158.0,2021-12-26 18:24:59 UTC
3c856552-2e79-4eb0-b61e-e228d7bf1ab5,1640542968,1640506553,5.0,8158.0,2021-12-26 18:24:59 UTC
3c856552-2e79-4eb0-b61e-e228d7bf1ab5,1640542942,1640506493,5.0,8158.0,2021-12-26 18:24:59 UTC
3c856552-2e79-4eb0-b61e-e228d7bf1ab5,1640542916,1640506433,5.0,8158.0,2021-12-26 18:24:59 UTC
3c856552-2e79-4eb0-b61e-e228d7bf1ab5,1640542890,1640506373,5.0,8158.0,2021-12-26 18:24:59 UTC
3c856552-2e79-4eb0-b61e-e228d7bf1ab5,1640542864,1640506313,5.0,8158.0,2021-12-26 18:21:25 UTC
3c856552-2e79-4eb0-b61e-e228d7bf1ab5,1640542838,1640506253,4.0,8158.0,2021-12-26 18:21:25 UTC
3c856552-2e79-4eb0-b61e-e228d7bf1ab5,1640542811,1640506193,4.0,8157.0,2021-12-26 18:21:25 UTC
3c856552-2e79-4eb0-b61e-e228d7bf1ab5,1640542786,1640506133,4.0,8157.0,2021-12-26 18:21:25 UTC
3c856552-2e79-4eb0-b61e-e228d7bf1ab5,1640542760,1640506073,5.0,8157.0,2021-12-26 18:21:25 UTC
3c856552-2e79-4eb0-b61e-e228d7bf1ab5,1640542734,1640506013,4.0,8157.0,2021-12-26 18:21:25 UTC
3c856552-2e79-4eb0-b61e-e228d7bf1ab5,1640542708,1640505953,4.0,8157.0,2021-12-26 18:21:25 UTC
3c856552-2e79-4eb0-b61e-e228d7bf1ab5,1640542682,1640505893,5.0,8157.0,2021-12-26 18:21:25 UTC
3c856552-2e79-4eb0-b61e-e228d7bf1ab5,1640542656,1640505833,5.0,8157.0,2021-12-26 18:17:38 UTC
3c856552-2e79-4eb0-b61e-e228d7bf1ab5,1640542629,1640505773,5.0,8157.0,2021-12-26 18:17:38 UTC
3c856552-2e79-4eb0-b61e-e228d7bf1ab5,1640542604,1640505713,5.0,8157.0,2021-12-26 18:17:38 UTC
3c856552-2e79-4eb0-b61e-e228d7bf1ab5,1640542578,1640505653,4.0,8157.0,2021-12-26 18:17:38 UTC
3c856552-2e79-4eb0-b61e-e228d7bf1ab5,1640542552,1640505593,5.0,8156.0,2021-12-26 18:17:38 UTC
3c856552-2e79-4eb0-b61e-e228d7bf1ab5,1640542526,1640505533,6.0,8156.0,2021-12-26 18:17:38 UTC
3c856552-2e79-4eb0-b61e-e228d7bf1ab5,1640542499,1640505473,5.0,8156.0,2021-12-26 18:17:38 UTC
3c856552-2e79-4eb0-b61e-e228d7bf1ab5,1640542474,1640505413,5.0,8156.0,2021-12-26 18:17:38 UTC
3c856552-2e79-4eb0-b61e-e228d7bf1ab5,1640542447,1640505353,4.0,8156.0,2021-12-26 18:14:09 UTC
3c856552-2e79-4eb0-b61e-e228d7bf1ab5,1640542421,1640505293,5.0,8156.0,2021-12-26 18:14:09 UTC
3c856552-2e79-4eb0-b61e-e228d7bf1ab5,1640542395,1640505233,4.0,8156.0,2021-12-26 18:14:09 UTC
3c856552-2e79-4eb0-b61e-e228d7bf1ab5,1640542347,1640505173,5.0,8156.0,2021-12-26 18:14:09 UTC
3c856552-2e79-4eb0-b61e-e228d7bf1ab5,1640542320,1640505113,5.0,8156.0,2021-12-26 18:14:09 UTC
3c856552-2e79-4eb0-b61e-e228d7bf1ab5,1640542294,1640505053,5.0,8156.0,2021-12-26 18:14:09 UTC
3c856552-2e79-4eb0-b61e-e228d7bf1ab5,1640542268,1640504993,5.0,8156.0,2021-12-26 18:14:09 UTC
3c856552-2e79-4eb0-b61e-e228d7bf1ab5,1640542241,1640504933,5.0,8155.0,2021-12-26 18:14:09 UTC
3c856552-2e79-4eb0-b61e-e228d7bf1ab5,1640542216,1640504873,5.0,8155.0,2021-12-26 18:14:09 UTC
3c856552-2e79-4eb0-b61e-e228d7bf1ab5,1640542189,1640504813,5.0,8155.0,2021-12-26 18:10:14 UTC
3c856552-2e79-4eb0-b61e-e228d7bf1ab5,1640542163,1640504753,4.0,8155.0,2021-12-26 18:10:14 UTC
3c856552-2e79-4eb0-b61e-e228d7bf1ab5,1640542136,1640504693,5.0,8155.0,2021-12-26 18:10:14 UTC
3c856552-2e79-4eb0-b61e-e228d7bf1ab5,1640542111,1640504633,5.0,8155.0,2021-12-26 18:10:14 UTC
3c856552-2e79-4eb0-b61e-e228d7bf1ab5,1640542084,1640504573,5.0,8155.0,2021-12-26 18:10:14 UTC
3c856552-2e79-4eb0-b61e-e228d7bf1ab5,1640542058,1640504513,5.0,8155.0,2021-12-26 18:10:13 UTC
3c856552-2e79-4eb0-b61e-e228d7bf1ab5,1640542032,1640504453,5.0,8155.0,2021-12-26 18:10:13 UTC
3c856552-2e79-4eb0-b61e-e228d7bf1ab5,1640542005,1640504393,5.0,8155.0,2021-12-26 18:10:13 UTC
3c856552-2e79-4eb0-b61e-e228d7bf1ab5,1640541980,1640504333,4.0,8154.0,2021-12-26 18:06:21 UTC
3c856552-2e79-4eb0-b61e-e228d7bf1ab5,1640541953,1640504273,4.0,8154.0,2021-12-26 18:06:21 UTC
3c856552-2e79-4eb0-b61e-e228d7bf1ab5,1640541927,1640504213,5.0,8154.0,2021-12-26 18:06:21 UTC
3c856552-2e79-4eb0-b61e-e228d7bf1ab5,1640541900,1640504153,5.0,8154.0,2021-12-26 18:06:21 UTC
3c856552-2e79-4eb0-b61e-e228d7bf1ab5,1640541874,1640504093,5.0,8154.0,2021-12-26 18:06:21 UTC
3c856552-2e79-4eb0-b61e-e228d7bf1ab5,1640541848,1640504033,4.0,8154.0,2021-12-26 18:06:21 UTC
3c856552-2e79-4eb0-b61e-e228d7bf1ab5,1640541821,1640503973,5.0,8154.0,2021-12-26 18:06:21 UTC
3c856552-2e79-4eb0-b61e-e228d7bf1ab5,1640541796,1640503913,4.0,8154.0,2021-12-26 18:06:21 UTC
3c856552-2e79-4eb0-b61e-e228d7bf1ab5,1640541769,1640503853,5.0,8154.0,2021-12-26 18:02:50 UTC
3c856552-2e79-4eb0-b61e-e228d7bf1ab5,1640541743,1640503793,5.0,8154.0,2021-12-26 18:02:50 UTC
3c856552-2e79-4eb0-b61e-e228d7bf1ab5,1640541716,1640503733,5.0,8153.0,2021-12-26 18:02:50 UTC
3c856552-2e79-4eb0-b61e-e228d7bf1ab5,1640541690,1640503673,4.0,8153.0,2021-12-26 18:02:50 UTC
3c856552-2e79-4eb0-b61e-e228d7bf1ab5,1640541664,1640503613,5.0,8153.0,2021-12-26 18:02:50 UTC
3c856552-2e79-4eb0-b61e-e228d7bf1ab5,1640541624,1640503553,4.0,8153.0,2021-12-26 18:02:50 UTC
3c856552-2e79-4eb0-b61e-e228d7bf1ab5,1640541598,1640503493,4.0,8153.0,2021-12-26 18:02:50 UTC
3c856552-2e79-4eb0-b61e-e228d7bf1ab5,1640541573,1640503433,5.0,8153.0,2021-12-26 18:02:50 UTC
3c856552-2e79-4eb0-b61e-e228d7bf1ab5,1640541546,1640503373,5.0,8153.0,2021-12-26 18:02:50 UTC
3c856552-2e79-4eb0-b61e-e228d7bf1ab5,1640541521,1640503313,5.0,8153.0,2021-12-26 17:58:42 UTC
3c856552-2e79-4eb0-b61e-e228d7bf1ab5,1640541494,1640503253,4.0,8153.0,2021-12-26 17:58:42 UTC
3c856552-2e79-4eb0-b61e-e228d7bf1ab5,1640541469,1640503193,5.0,8152.0,2021-12-26 17:58:42 UTC
3c856552-2e79-4eb0-b61e-e228d7bf1ab5,1640541443,1640503133,5.0,8152.0,2021-12-26 17:58:42 UTC
3c856552-2e79-4eb0-b61e-e228d7bf1ab5,1640541417,1640503073,4.0,8152.0,2021-12-26 17:58:42 UTC
3c856552-2e79-4eb0-b61e-e228d7bf1ab5,1640541392,1640503013,4.0,8152.0,2021-12-26 17:58:42 UTC
3c856552-2e79-4eb0-b61e-e228d7bf1ab5,1640541365,1640502953,5.0,8152.0,2021-12-26 17:58:42 UTC
3c856552-2e79-4eb0-b61e-e228d7bf1ab5,1640541340,1640502893,5.0,8152.0,2021-12-26 17:58:42 UTC
3c856552-2e79-4eb0-b61e-e228d7bf1ab5,1640541314,1640502833,5.0,8152.0,2021-12-26 17:55:15 UTC
3c856552-2e79-4eb0-b61e-e228d7bf1ab5,1640541289,1640502773,4.0,8152.0,2021-12-26 17:55:15 UTC
3c856552-2e79-4eb0-b61e-e228d7bf1ab5,1640541263,1640502713,5.0,8152.0,2021-12-26 17:55:15 UTC
3c856552-2e79-4eb0-b61e-e228d7bf1ab5,1640541237,1640502653,4.0,8152.0,2021-12-26 17:55:15 UTC
3c856552-2e79-4eb0-b61e-e228d7bf1ab5,1640541212,1640502593,5.0,8151.0,2021-12-26 17:55:15 UTC
3c856552-2e79-4eb0-b61e-e228d7bf1ab5,1640541185,1640502533,5.0,8151.0,2021-12-26 17:55:15 UTC
3c856552-2e79-4eb0-b61e-e228d7bf1ab5,1640541160,1640502473,4.0,8151.0,2021-12-26 17:55:15 UTC
3c856552-2e79-4eb0-b61e-e228d7bf1ab5,1640541133,1640502413,5.0,8151.0,2021-12-26 17:55:15 UTC
3c856552-2e79-4eb0-b61e-e228d7bf1ab5,1640541108,1640502353,5.0,8151.0,2021-12-26 17:55:15 UTC
3c856552-2e79-4eb0-b61e-e228d7bf1ab5,1640541082,1640502293,5.0,8151.0,2021-12-26 17:51:29 UTC
3c856552-2e79-4eb0-b61e-e228d7bf1ab5,1640541056,1640502233,5.0,8151.0,2021-12-26 17:51:29 UTC
3c856552-2e79-4eb0-b61e-e228d7bf1ab5,1640541031,1640502173,5.0,8151.0,2021-12-26 17:51:29 UTC
3c856552-2e79-4eb0-b61e-e228d7bf1ab5,1640541004,1640502113,5.0,8151.0,2021-12-26 17:51:29 UTC
3c856552-2e79-4eb0-b61e-e228d7bf1ab5,1640540979,1640502053,5.0,8151.0,2021-12-26 17:51:29 UTC
3c856552-2e79-4eb0-b61e-e228d7bf1ab5,1640540953,1640501993,5.0,8150.0,2021-12-26 17:51:29 UTC
3c856552-2e79-4eb0-b61e-e228d7bf1ab5,1640540928,1640501933,5.0,8150.0,2021-12-26 17:51:29 UTC
3c856552-2e79-4eb0-b61e-e228d7bf1ab5,1640540902,1640501873,5.0,8150.0,2021-12-26 17:51:29 UTC
3c856552-2e79-4eb0-b61e-e228d7bf1ab5,1640540876,1640501813,4.0,8150.0,2021-12-26 17:47:57 UTC
3c856552-2e79-4eb0-b61e-e228d7bf1ab5,1640540850,1640501753,5.0,8150.0,2021-12-26 17:47:57 UTC
3c856552-2e79-4eb0-b61e-e228d7bf1ab5,1640540824,1640501693,4.0,8150.0,2021-12-26 17:47:57 UTC
3c856552-2e79-4eb0-b61e-e228d7bf1ab5,1640540799,1640501633,5.0,8150.0,2021-12-26 17:47:57 UTC
3c856552-2e79-4eb0-b61e-e228d7bf1ab5,1640540772,1640501573,5.0,8150.0,2021-12-26 17:47:57 UTC
3c856552-2e79-4eb0-b61e-e228d7bf1ab5,1640540747,1640501513,5.0,8150.0,2021-12-26 17:47:57 UTC
3c856552-2e79-4eb0-b61e-e228d7bf1ab5,1640540721,1640501453,4.0,8150.0,2021-12-26 17:47:57 UTC
3c856552-2e79-4eb0-b61e-e228d7bf1ab5,1640540695,1640501393,5.0,8149.0,2021-12-26 17:47:57 UTC
3c856552-2e79-4eb0-b61e-e228d7bf1ab5,1640540670,1640501333,4.0,8149.0,2021-12-26 17:47:57 UTC
3c856552-2e79-4eb0-b61e-e228d7bf1ab5,1640540643,1640501273,4.0,8149.0,2021-12-26 17:44:29 UTC
3c856552-2e79-4eb0-b61e-e228d7bf1ab5,1640540618,1640501213,4.0,8149.0,2021-12-26 17:44:29 UTC
3c856552-2e79-4eb0-b61e-e228d7bf1ab5,1640540592,1640501153,4.0,8149.0,2021-12-26 17:44:29 UTC
3c856552-2e79-4eb0-b61e-e228d7bf1ab5,1640540566,1640501093,5.0,8149.0,2021-12-26 17:44:29 UTC
3c856552-2e79-4eb0-b61e-e228d7bf1ab5,1640540540,1640501033,5.0,8149.0,2021-12-26 17:44:29 UTC
3c856552-2e79-4eb0-b61e-e228d7bf1ab5,1640540515,1640500973,4.0,8149.0,2021-12-26 17:44:29 UTC
3c856552-2e79-4eb0-b61e-e228d7bf1ab5,1640540489,1640500913,5.0,8149.0,2021-12-26 17:44:29 UTC
3c856552-2e79-4eb0-b61e-e228d7bf1ab5,1640540463,1640500853,5.0,8149.0,2021-12-26 17:44:29 UTC
3c856552-2e79-4eb0-b61e-e228d7bf1ab5,1640540437,1640500793,5.0,8148.0,2021-12-26 17:40:39 UTC
3c856552-2e79-4eb0-b61e-e228d7bf1ab5,1640540411,1640500733,5.0,8148.0,2021-12-26 17:40:39 UTC
3c856552-2e79-4eb0-b61e-e228d7bf1ab5,1640540386,1640500673,5.0,8148.0,2021-12-26 17:40:39 UTC
3c856552-2e79-4eb0-b61e-e228d7bf1ab5,1640540360,1640500613,4.0,8148.0,2021-12-26 17:40:39 UTC
3c856552-2e79-4eb0-b61e-e228d7bf1ab5,1640540334,1640500553,5.0,8148.0,2021-12-26 17:40:39 UTC
3c856552-2e79-4eb0-b61e-e228d7bf1ab5,1640540309,1640500493,4.0,8148.0,2021-12-26 17:40:39 UTC
3c856552-2e79-4eb0-b61e-e228d7bf1ab5,1640540282,1640500433,5.0,8148.0,2021-12-26 17:40:39 UTC
3c856552-2e79-4eb0-b61e-e228d7bf1ab5,1640540257,1640500373,5.0,8148.0,2021-12-26 17:40:39 UTC
3c856552-2e79-4eb0-b61e-e228d7bf1ab5,1640540231,1640500313,6.0,8148.0,2021-12-26 17:37:12 UTC
3c856552-2e79-4eb0-b61e-e228d7bf1ab5,1640540205,1640500253,5.0,8148.0,2021-12-26 17:37:12 UTC
3c856552-2e79-4eb0-b61e-e228d7bf1ab5,1640540180,1640500193,5.0,8147.0,2021-12-26 17:37:12 UTC
3c856552-2e79-4eb0-b61e-e228d7bf1ab5,1640540154,1640500133,5.0,8147.0,2021-12-26 17:37:12 UTC
3c856552-2e79-4eb0-b61e-e228d7bf1ab5,1640540128,1640500073,5.0,8147.0,2021-12-26 17:37:12 UTC
3c856552-2e79-4eb0-b61e-e228d7bf1ab5,1640540102,1640500013,5.0,8147.0,2021-12-26 17:37:12 UTC
3c856552-2e79-4eb0-b61e-e228d7bf1ab5,1640540077,1640499953,5.0,8147.0,2021-12-26 17:37:12 UTC
3c856552-2e79-4eb0-b61e-e228d7bf1ab5,1640540050,1640499893,5.0,8147.0,2021-12-26 17:37:12 UTC
3c856552-2e79-4eb0-b61e-e228d7bf1ab5,1640540025,1640499833,6.0,8147.0,2021-12-26 17:37:12 UTC
3c856552-2e79-4eb0-b61e-e228d7bf1ab5,1640539999,1640499773,6.0,8147.0,2021-12-26 17:33:29 UTC
3c856552-2e79-4eb0-b61e-e228d7bf1ab5,1640539973,1640499713,4.0,8147.0,2021-12-26 17:33:29 UTC
3c856552-2e79-4eb0-b61e-e228d7bf1ab5,1640539947,1640499653,5.0,8147.0,2021-12-26 17:33:29 UTC
3c856552-2e79-4eb0-b61e-e228d7bf1ab5,1640539921,1640499593,4.0,8146.0,2021-12-26 17:33:29 UTC
3c856552-2e79-4eb0-b61e-e228d7bf1ab5,1640539896,1640499533,5.0,8146.0,2021-12-26 17:33:29 UTC
3c856552-2e79-4eb0-b61e-e228d7bf1ab5,1640539870,1640499473,4.0,8146.0,2021-12-26 17:33:29 UTC
3c856552-2e79-4eb0-b61e-e228d7bf1ab5,1640539844,1640499413,4.0,8146.0,2021-12-26 17:33:29 UTC
3c856552-2e79-4eb0-b61e-e228d7bf1ab5,1640539818,1640499353,5.0,8146.0,2021-12-26 17:33:29 UTC
3c856552-2e79-4eb0-b61e-e228d7bf1ab5,1640539793,1640499293,5.0,8146.0,2021-12-26 17:29:54 UTC
3c856552-2e79-4eb0-b61e-e228d7bf1ab5,1640539766,1640499233,4.0,8146.0,2021-12-26 17:29:54 UTC
3c856552-2e79-4eb0-b61e-e228d7bf1ab5,1640539741,1640499173,5.0,8146.0,2021-12-26 17:29:54 UTC
3c856552-2e79-4eb0-b61e-e228d7bf1ab5,1640539715,1640499113,5.0,8146.0,2021-12-26 17:29:54 UTC
3c856552-2e79-4eb0-b61e-e228d7bf1ab5,1640539689,1640499053,4.0,8146.0,2021-12-26 17:29:54 UTC
3c856552-2e79-4eb0-b61e-e228d7bf1ab5,1640539664,1640498993,5.0,8145.0,2021-12-26 17:29:54 UTC
3c856552-2e79-4eb0-b61e-e228d7bf1ab5,1640539637,1640498933,5.0,8145.0,2021-12-26 17:29:54 UTC
3c856552-2e79-4eb0-b61e-e228d7bf1ab5,1640539612,1640498873,5.0,8145.0,2021-12-26 17:29:54 UTC
3c856552-2e79-4eb0-b61e-e228d7bf1ab5,1640539586,1640498813,5.0,8145.0,2021-12-26 17:26:28 UTC
3c856552-2e79-4eb0-b61e-e228d7bf1ab5,1640539560,1640498753,5.0,8145.0,2021-12-26 17:26:28 UTC
3c856552-2e79-4eb0-b61e-e228d7bf1ab5,1640539535,1640498693,4.0,8145.0,2021-12-26 17:26:28 UTC
3c856552-2e79-4eb0-b61e-e228d7bf1ab5,1640539508,1640498633,5.0,8145.0,2021-12-26 17:26:28 UTC
3c856552-2e79-4eb0-b61e-e228d7bf1ab5,1640539483,1640498573,4.0,8145.0,2021-12-26 17:26:28 UTC
3c856552-2e79-4eb0-b61e-e228d7bf1ab5,1640539456,1640498513,5.0,8145.0,2021-12-26 17:26:28 UTC
3c856552-2e79-4eb0-b61e-e228d7bf1ab5,1640539432,1640498453,5.0,8145.0,2021-12-26 17:26:28 UTC
3c856552-2e79-4eb0-b61e-e228d7bf1ab5,1640539405,1640498393,4.0,8144.0,2021-12-26 17:26:28 UTC
3c856552-2e79-4eb0-b61e-e228d7bf1ab5,1640539380,1640498333,5.0,8144.0,2021-12-26 17:26:28 UTC
3c856552-2e79-4eb0-b61e-e228d7bf1ab5,1640539354,1640498273,4.0,8144.0,2021-12-26 17:22:36 UTC
3c856552-2e79-4eb0-b61e-e228d7bf1ab5,1640539328,1640498213,5.0,8144.0,2021-12-26 17:22:36 UTC
3c856552-2e79-4eb0-b61e-e228d7bf1ab5,1640498093,1640498093,5.0,8144.0,2021-12-26 06:55:13 UTC
3c856552-2e79-4eb0-b61e-e228d7bf1ab5,1640498033,1640498033,5.0,8144.0,2021-12-26 06:55:13 UTC
3c856552-2e79-4eb0-b61e-e228d7bf1ab5,1640497973,1640497973,5.0,8144.0,2021-12-26 05:53:31 UTC
3c856552-2e79-4eb0-b61e-e228d7bf1ab5,1640497913,1640497913,5.0,8144.0,2021-12-26 05:53:31 UTC
3c856552-2e79-4eb0-b61e-e228d7bf1ab5,1640497853,1640497853,5.0,8144.0,2021-12-26 05:53:31 UTC
3c856552-2e79-4eb0-b61e-e228d7bf1ab5,1640497793,1640497793,5.0,8143.0,2021-12-26 05:49:56 UTC
3c856552-2e79-4eb0-b61e-e228d7bf1ab5,1640497733,1640497733,4.0,8143.0,2021-12-26 05:49:56 UTC
3c856552-2e79-4eb0-b61e-e228d7bf1ab5,1640497673,1640497673,4.0,8143.0,2021-12-26 05:49:56 UTC
3c856552-2e79-4eb0-b61e-e228d7bf1ab5,1640497613,1640497613,4.0,8143.0,2021-12-26 05:49:56 UTC
3c856552-2e79-4eb0-b61e-e228d7bf1ab5,1640497553,1640497553,5.0,8143.0,2021-12-26 05:46:15 UTC
3c856552-2e79-4eb0-b61e-e228d7bf1ab5,1640497493,1640497493,5.0,8143.0,2021-12-26 05:46:15 UTC
3c856552-2e79-4eb0-b61e-e228d7bf1ab5,1640497433,1640497433,4.0,8143.0,2021-12-26 05:46:15 UTC
3c856552-2e79-4eb0-b61e-e228d7bf1ab5,1640497373,1640497373,4.0,8143.0,2021-12-26 05:46:15 UTC
3c856552-2e79-4eb0-b61e-e228d7bf1ab5,1640539303,1640497314,4.0,8143.0,2021-12-26 17:22:36 UTC
3c856552-2e79-4eb0-b61e-e228d7bf1ab5,1640539276,1640497254,5.0,8143.0,2021-12-26 17:22:36 UTC
3c856552-2e79-4eb0-b61e-e228d7bf1ab5,1640539251,1640497194,5.0,8142.0,2021-12-26 17:22:36 UTC
3c856552-2e79-4eb0-b61e-e228d7bf1ab5,1640539225,1640497134,5.0,8142.0,2021-12-26 17:22:36 UTC
3c856552-2e79-4eb0-b61e-e228d7bf1ab5,1640539199,1640497074,5.0,8142.0,2021-12-26 17:22:36 UTC
3c856552-2e79-4eb0-b61e-e228d7bf1ab5,1640539174,1640497014,4.0,8142.0,2021-12-26 17:22:36 UTC
3c856552-2e79-4eb0-b61e-e228d7bf1ab5,1640539147,1640496954,5.0,8142.0,2021-12-26 17:19:09 UTC
3c856552-2e79-4eb0-b61e-e228d7bf1ab5,1640539122,1640496894,5.0,8142.0,2021-12-26 17:19:09 UTC
3c856552-2e79-4eb0-b61e-e228d7bf1ab5,1640539096,1640496834,5.0,8142.0,2021-12-26 17:19:09 UTC
3c856552-2e79-4eb0-b61e-e228d7bf1ab5,1640539071,1640496774,4.0,8142.0,2021-12-26 17:19:09 UTC
3c856552-2e79-4eb0-b61e-e228d7bf1ab5,1640539044,1640496714,5.0,8142.0,2021-12-26 17:19:09 UTC
3c856552-2e79-4eb0-b61e-e228d7bf1ab5,1640539019,1640496654,4.0,8142.0,2021-12-26 17:19:09 UTC
3c856552-2e79-4eb0-b61e-e228d7bf1ab5,1640538993,1640496594,5.0,8141.0,2021-12-26 17:19:09 UTC
3c856552-2e79-4eb0-b61e-e228d7bf1ab5,1640538967,1640496534,4.0,8141.0,2021-12-26 17:19:09 UTC
3c856552-2e79-4eb0-b61e-e228d7bf1ab5,1640538941,1640496474,5.0,8141.0,2021-12-26 17:19:09 UTC
3c856552-2e79-4eb0-b61e-e228d7bf1ab5,1640538915,1640496414,4.0,8141.0,2021-12-26 17:15:29 UTC
3c856552-2e79-4eb0-b61e-e228d7bf1ab5,1640538890,1640496354,5.0,8141.0,2021-12-26 17:15:29 UTC
3c856552-2e79-4eb0-b61e-e228d7bf1ab5,1640538864,1640496294,4.0,8141.0,2021-12-26 17:15:29 UTC
3c856552-2e79-4eb0-b61e-e228d7bf1ab5,1640538838,1640496234,5.0,8141.0,2021-12-26 17:15:29 UTC
3c856552-2e79-4eb0-b61e-e228d7bf1ab5,1640538813,1640496174,5.0,8141.0,2021-12-26 17:15:29 UTC
3c856552-2e79-4eb0-b61e-e228d7bf1ab5,1640538786,1640496114,5.0,8141.0,2021-12-26 17:15:29 UTC
3c856552-2e79-4eb0-b61e-e228d7bf1ab5,1640538761,1640496054,4.0,8141.0,2021-12-26 17:15:29 UTC
3c856552-2e79-4eb0-b61e-e228d7bf1ab5,1640538734,1640495994,5.0,8141.0,2021-12-26 17:15:29 UTC
3c856552-2e79-4eb0-b61e-e228d7bf1ab5,1640538709,1640495934,5.0,8140.0,2021-12-26 17:11:51 UTC
3c856552-2e79-4eb0-b61e-e228d7bf1ab5,1640538683,1640495874,5.0,8140.0,2021-12-26 17:11:51 UTC
3c856552-2e79-4eb0-b61e-e228d7bf1ab5,1640538658,1640495814,5.0,8140.0,2021-12-26 17:11:51 UTC
3c856552-2e79-4eb0-b61e-e228d7bf1ab5,1640538632,1640495754,4.0,8140.0,2021-12-26 17:11:51 UTC
3c856552-2e79-4eb0-b61e-e228d7bf1ab5,1640538606,1640495694,5.0,8140.0,2021-12-26 17:11:51 UTC
3c856552-2e79-4eb0-b61e-e228d7bf1ab5,1640538580,1640495634,5.0,8140.0,2021-12-26 17:11:51 UTC
3c856552-2e79-4eb0-b61e-e228d7bf1ab5,1640538554,1640495574,5.0,8140.0,2021-12-26 17:11:51 UTC
3c856552-2e79-4eb0-b61e-e228d7bf1ab5,1640538529,1640495514,4.0,8140.0,2021-12-26 17:11:51 UTC
3c856552-2e79-4eb0-b61e-e228d7bf1ab5,1640538503,1640495454,5.0,8140.0,2021-12-26 17:08:24 UTC
3c856552-2e79-4eb0-b61e-e228d7bf1ab5,1640538477,1640495394,5.0,8140.0,2021-12-26 17:08:24 UTC
3c856552-2e79-4eb0-b61e-e228d7bf1ab5,1640538452,1640495334,5.0,8139.0,2021-12-26 17:08:24 UTC
3c856552-2e79-4eb0-b61e-e228d7bf1ab5,1640538425,1640495274,5.0,8139.0,2021-12-26 17:08:24 UTC
3c856552-2e79-4eb0-b61e-e228d7bf1ab5,1640538400,1640495214,5.0,8139.0,2021-12-26 17:08:24 UTC
3c856552-2e79-4eb0-b61e-e228d7bf1ab5,1640538373,1640495154,6.0,8139.0,2021-12-26 17:08:24 UTC
3c856552-2e79-4eb0-b61e-e228d7bf1ab5,1640538348,1640495094,4.0,8139.0,2021-12-26 17:08:24 UTC
3c856552-2e79-4eb0-b61e-e228d7bf1ab5,1640538322,1640495034,5.0,8139.0,2021-12-26 17:08:24 UTC
3c856552-2e79-4eb0-b61e-e228d7bf1ab5,1640538297,1640494974,5.0,8139.0,2021-12-26 17:08:24 UTC
3c856552-2e79-4eb0-b61e-e228d7bf1ab5,1640538271,1640494914,4.0,8139.0,2021-12-26 17:04:33 UTC
3c856552-2e79-4eb0-b61e-e228d7bf1ab5,1640538245,1640494854,4.0,8139.0,2021-12-26 17:04:33 UTC
3c856552-2e79-4eb0-b61e-e228d7bf1ab5,1640538219,1640494794,5.0,8138.0,2021-12-26 17:04:33 UTC
3c856552-2e79-4eb0-b61e-e228d7bf1ab5,1640538193,1640494734,5.0,8138.0,2021-12-26 17:04:33 UTC
3c856552-2e79-4eb0-b61e-e228d7bf1ab5,1640538168,1640494674,6.0,8138.0,2021-12-26 17:04:33 UTC
3c856552-2e79-4eb0-b61e-e228d7bf1ab5,1640538142,1640494614,4.0,8138.0,2021-12-26 17:04:33 UTC
3c856552-2e79-4eb0-b61e-e228d7bf1ab5,1640538116,1640494554,4.0,8138.0,2021-12-26 17:04:33 UTC
3c856552-2e79-4eb0-b61e-e228d7bf1ab5,1640538091,1640494494,3.0,8138.0,2021-12-26 17:04:33 UTC
3c856552-2e79-4eb0-b61e-e228d7bf1ab5,1640538064,1640494434,5.0,8138.0,2021-12-26 17:01:06 UTC
3c856552-2e79-4eb0-b61e-e228d7bf1ab5,1640538039,1640494374,5.0,8138.0,2021-12-26 17:01:06 UTC
3c856552-2e79-4eb0-b61e-e228d7bf1ab5,1640538012,1640494314,4.0,8138.0,2021-12-26 17:01:06 UTC
3c856552-2e79-4eb0-b61e-e228d7bf1ab5,1640537987,1640494254,4.0,8138.0,2021-12-26 17:01:06 UTC
3c856552-2e79-4eb0-b61e-e228d7bf1ab5,1640537961,1640494194,5.0,8138.0,2021-12-26 17:01:06 UTC
3c856552-2e79-4eb0-b61e-e228d7bf1ab5,1640537936,1640494134,4.0,8137.0,2021-12-26 17:01:06 UTC
3c856552-2e79-4eb0-b61e-e228d7bf1ab5,1640537910,1640494074,4.0,8137.0,2021-12-26 17:01:06 UTC
3c856552-2e79-4eb0-b61e-e228d7bf1ab5,1640537884,1640494014,5.0,8137.0,2021-12-26 17:01:06 UTC
3c856552-2e79-4eb0-b61e-e228d7bf1ab5,1640537858,1640493954,4.0,8137.0,2021-12-26 17:01:06 UTC
3c856552-2e79-4eb0-b61e-e228d7bf1ab5,1640537832,1640493894,5.0,8137.0,2021-12-26 16:57:30 UTC
3c856552-2e79-4eb0-b61e-e228d7bf1ab5,1640537806,1640493834,5.0,8137.0,2021-12-26 16:57:30 UTC
3c856552-2e79-4eb0-b61e-e228d7bf1ab5,1640537781,1640493774,4.0,8137.0,2021-12-26 16:57:29 UTC
3c856552-2e79-4eb0-b61e-e228d7bf1ab5,1640537755,1640493714,4.0,8137.0,2021-12-26 16:57:29 UTC
3c856552-2e79-4eb0-b61e-e228d7bf1ab5,1640537730,1640493654,5.0,8137.0,2021-12-26 16:57:29 UTC
3c856552-2e79-4eb0-b61e-e228d7bf1ab5,1640537703,1640493594,4.0,8137.0,2021-12-26 16:57:29 UTC
3c856552-2e79-4eb0-b61e-e228d7bf1ab5,1640537678,1640493534,4.0,8136.0,2021-12-26 16:57:29 UTC
3c856552-2e79-4eb0-b61e-e228d7bf1ab5,1640537651,1640493474,4.0,8136.0,2021-12-26 16:57:29 UTC
3c856552-2e79-4eb0-b61e-e228d7bf1ab5,1640537626,1640493414,5.0,8136.0,2021-12-26 16:53:48 UTC
3c856552-2e79-4eb0-b61e-e228d7bf1ab5,1640537600,1640493354,5.0,8136.0,2021-12-26 16:53:48 UTC
3c856552-2e79-4eb0-b61e-e228d7bf1ab5,1640537574,1640493294,4.0,8136.0,2021-12-26 16:53:48 UTC
3c856552-2e79-4eb0-b61e-e228d7bf1ab5,1640537549,1640493234,5.0,8136.0,2021-12-26 16:53:48 UTC
3c856552-2e79-4eb0-b61e-e228d7bf1ab5,1640537523,1640493174,4.0,8136.0,2021-12-26 16:53:48 UTC
3c856552-2e79-4eb0-b61e-e228d7bf1ab5,1640537497,1640493114,5.0,8136.0,2021-12-26 16:53:48 UTC
3c856552-2e79-4eb0-b61e-e228d7bf1ab5,1640537471,1640493054,5.0,8136.0,2021-12-26 16:53:48 UTC
3c856552-2e79-4eb0-b61e-e228d7bf1ab5,1640537445,1640492994,5.0,8136.0,2021-12-26 16:53:48 UTC
3c856552-2e79-4eb0-b61e-e228d7bf1ab5,1640537420,1640492934,4.0,8135.0,2021-12-26 16:50:21 UTC
3c856552-2e79-4eb0-b61e-e228d7bf1ab5,1640537394,1640492874,5.0,8135.0,2021-12-26 16:50:21 UTC
3c856552-2e79-4eb0-b61e-e228d7bf1ab5,1640537368,1640492814,4.0,8135.0,2021-12-26 16:50:21 UTC
3c856552-2e79-4eb0-b61e-e228d7bf1ab5,1640537342,1640492754,4.0,8135.0,2021-12-26 16:50:21 UTC
3c856552-2e79-4eb0-b61e-e228d7bf1ab5,1640537317,1640492694,5.0,8135.0,2021-12-26 16:50:21 UTC
3c856552-2e79-4eb0-b61e-e228d7bf1ab5,1640537290,1640492634,5.0,8135.0,2021-12-26 16:50:21 UTC
3c856552-2e79-4eb0-b61e-e228d7bf1ab5,1640537265,1640492574,5.0,8135.0,2021-12-26 16:50:21 UTC
3c856552-2e79-4eb0-b61e-e228d7bf1ab5,1640537239,1640492514,4.0,8135.0,2021-12-26 16:50:21 UTC
3c856552-2e79-4eb0-b61e-e228d7bf1ab5,1640537213,1640492454,5.0,8135.0,2021-12-26 16:50:21 UTC
3c856552-2e79-4eb0-b61e-e228d7bf1ab5,1640537187,1640492394,4.0,8134.0,2021-12-26 16:46:30 UTC
3c856552-2e79-4eb0-b61e-e228d7bf1ab5,1640537162,1640492334,4.0,8134.0,2021-12-26 16:46:30 UTC
3c856552-2e79-4eb0-b61e-e228d7bf1ab5,1640537136,1640492274,4.0,8134.0,2021-12-26 16:46:30 UTC
3c856552-2e79-4eb0-b61e-e228d7bf1ab5,1640537110,1640492214,4.0,8134.0,2021-12-26 16:46:30 UTC
3c856552-2e79-4eb0-b61e-e228d7bf1ab5,1640537084,1640492154,5.0,8134.0,2021-12-26 16:46:30 UTC
3c856552-2e79-4eb0-b61e-e228d7bf1ab5,1640537058,1640492094,4.0,8134.0,2021-12-26 16:46:30 UTC
3c856552-2e79-4eb0-b61e-e228d7bf1ab5,1640537033,1640492034,4.0,8134.0,2021-12-26 16:46:30 UTC
3c856552-2e79-4eb0-b61e-e228d7bf1ab5,1640537007,1640491974,4.0,8134.0,2021-12-26 16:46:30 UTC
3c856552-2e79-4eb0-b61e-e228d7bf1ab5,1640536981,1640491914,5.0,8134.0,2021-12-26 16:43:03 UTC
3c856552-2e79-4eb0-b61e-e228d7bf1ab5,1640536956,1640491854,4.0,8134.0,2021-12-26 16:43:03 UTC
3c856552-2e79-4eb0-b61e-e228d7bf1ab5,1640536929,1640491794,5.0,8133.0,2021-12-26 16:43:03 UTC
3c856552-2e79-4eb0-b61e-e228d7bf1ab5,1640536904,1640491734,4.0,8133.0,2021-12-26 16:43:03 UTC
3c856552-2e79-4eb0-b61e-e228d7bf1ab5,1640536877,1640491674,5.0,8133.0,2021-12-26 16:43:03 UTC
3c856552-2e79-4eb0-b61e-e228d7bf1ab5,1640536852,1640491614,4.0,8133.0,2021-12-26 16:43:03 UTC
3c856552-2e79-4eb0-b61e-e228d7bf1ab5,1640536826,1640491554,5.0,8133.0,2021-12-26 16:43:03 UTC
3c856552-2e79-4eb0-b61e-e228d7bf1ab5,1640536801,1640491494,4.0,8133.0,2021-12-26 16:43:03 UTC
3c856552-2e79-4eb0-b61e-e228d7bf1ab5,1640536775,1640491434,5.0,8133.0,2021-12-26 16:43:03 UTC
3c856552-2e79-4eb0-b61e-e228d7bf1ab5,1640536749,1640491374,5.0,8133.0,2021-12-26 16:39:30 UTC
3c856552-2e79-4eb0-b61e-e228d7bf1ab5,1640536723,1640491314,5.0,8133.0,2021-12-26 16:39:30 UTC
3c856552-2e79-4eb0-b61e-e228d7bf1ab5,1640536697,1640491254,3.0,8133.0,2021-12-26 16:39:30 UTC
3c856552-2e79-4eb0-b61e-e228d7bf1ab5,1640536672,1640491194,4.0,8132.0,2021-12-26 16:39:30 UTC
3c856552-2e79-4eb0-b61e-e228d7bf1ab5,1640536645,1640491134,4.0,8132.0,2021-12-26 16:39:30 UTC
3c856552-2e79-4eb0-b61e-e228d7bf1ab5,1640536620,1640491074,5.0,8132.0,2021-12-26 16:39:30 UTC
3c856552-2e79-4eb0-b61e-e228d7bf1ab5,1640536594,1640491014,5.0,8132.0,2021-12-26 16:39:30 UTC
3c856552-2e79-4eb0-b61e-e228d7bf1ab5,1640536568,1640490954,4.0,8132.0,2021-12-26 16:39:30 UTC
3c856552-2e79-4eb0-b61e-e228d7bf1ab5,1640536543,1640490894,4.0,8132.0,2021-12-26 16:35:45 UTC
3c856552-2e79-4eb0-b61e-e228d7bf1ab5,1640536516,1640490834,4.0,8132.0,2021-12-26 16:35:45 UTC
3c856552-2e79-4eb0-b61e-e228d7bf1ab5,1640536491,1640490774,3.0,8132.0,2021-12-26 16:35:45 UTC
3c856552-2e79-4eb0-b61e-e228d7bf1ab5,1640536465,1640490714,4.0,8132.0,2021-12-26 16:35:45 UTC
3c856552-2e79-4eb0-b61e-e228d7bf1ab5,1640536439,1640490654,4.0,8132.0,2021-12-26 16:35:45 UTC
3c856552-2e79-4eb0-b61e-e228d7bf1ab5,1640536414,1640490594,5.0,8131.0,2021-12-26 16:35:45 UTC
3c856552-2e79-4eb0-b61e-e228d7bf1ab5,1640536387,1640490534,5.0,8131.0,2021-12-26 16:35:45 UTC
3c856552-2e79-4eb0-b61e-e228d7bf1ab5,1640536362,1640490474,5.0,8131.0,2021-12-26 16:35:45 UTC
3c856552-2e79-4eb0-b61e-e228d7bf1ab5,1640536335,1640490414,4.0,8131.0,2021-12-26 16:32:17 UTC
3c856552-2e79-4eb0-b61e-e228d7bf1ab5,1640536310,1640490354,5.0,8131.0,2021-12-26 16:32:17 UTC
3c856552-2e79-4eb0-b61e-e228d7bf1ab5,1640536284,1640490294,5.0,8131.0,2021-12-26 16:32:17 UTC
3c856552-2e79-4eb0-b61e-e228d7bf1ab5,1640536258,1640490234,4.0,8131.0,2021-12-26 16:32:17 UTC
3c856552-2e79-4eb0-b61e-e228d7bf1ab5,1640536233,1640490174,4.0,8131.0,2021-12-26 16:32:17 UTC
3c856552-2e79-4eb0-b61e-e228d7bf1ab5,1640536206,1640490114,5.0,8131.0,2021-12-26 16:32:17 UTC
3c856552-2e79-4eb0-b61e-e228d7bf1ab5,1640536181,1640490054,4.0,8131.0,2021-12-26 16:32:17 UTC
3c856552-2e79-4eb0-b61e-e228d7bf1ab5,1640536154,1640489994,5.0,8130.0,2021-12-26 16:32:17 UTC
3c856552-2e79-4eb0-b61e-e228d7bf1ab5,1640536129,1640489934,4.0,8130.0,2021-12-26 16:32:17 UTC
3c856552-2e79-4eb0-b61e-e228d7bf1ab5,1640484594,1640484594,6.0,8121.0,2021-12-26 03:10:53 UTC
3c856552-2e79-4eb0-b61e-e228d7bf1ab5,1640484534,1640484534,5.0,8121.0,2021-12-26 03:10:53 UTC
3c856552-2e79-4eb0-b61e-e228d7bf1ab5,1640484474,1640484474,6.0,8121.0,2021-12-26 02:07:56 UTC
3c856552-2e79-4eb0-b61e-e228d7bf1ab5,1640484356,1640484354,5.0,8121.0,2021-12-26 02:07:56 UTC
3c856552-2e79-4eb0-b61e-e228d7bf1ab5,1640484294,1640484294,5.0,8121.0,2021-12-26 02:07:56 UTC
3c856552-2e79-4eb0-b61e-e228d7bf1ab5,1640484234,1640484234,4.0,8121.0,2021-12-26 02:07:56 UTC
3c856552-2e79-4eb0-b61e-e228d7bf1ab5,1640484174,1640484174,67.0,8121.0,2021-12-26 02:02:56 UTC
3c856552-2e79-4eb0-b61e-e228d7bf1ab5,1640484114,1640484114,180.0,8118.0,2021-12-26 02:02:56 UTC
3c856552-2e79-4eb0-b61e-e228d7bf1ab5,1640498110,1640483154,189.0,8058.0,2021-12-26 06:55:13 UTC
3c856552-2e79-4eb0-b61e-e228d7bf1ab5,1640498084,1640483094,188.0,8054.0,2021-12-26 06:55:13 UTC
3c856552-2e79-4eb0-b61e-e228d7bf1ab5,1640498058,1640483034,187.0,8051.0,2021-12-26 06:55:13 UTC
3c856552-2e79-4eb0-b61e-e228d7bf1ab5,1640498033,1640482974,188.0,8047.0,2021-12-26 06:55:13 UTC
3c856552-2e79-4eb0-b61e-e228d7bf1ab5,1640498007,1640482914,186.0,8043.0,2021-12-26 05:53:31 UTC
3c856552-2e79-4eb0-b61e-e228d7bf1ab5,1640497982,1640482854,187.0,8039.0,2021-12-26 05:53:31 UTC
3c856552-2e79-4eb0-b61e-e228d7bf1ab5,1640497955,1640482794,186.0,8036.0,2021-12-26 05:53:31 UTC
3c856552-2e79-4eb0-b61e-e228d7bf1ab5,1640497930,1640482734,187.0,8032.0,2021-12-26 05:53:31 UTC
3c856552-2e79-4eb0-b61e-e228d7bf1ab5,1640497904,1640482674,186.0,8028.0,2021-12-26 05:53:31 UTC
3c856552-2e79-4eb0-b61e-e228d7bf1ab5,1640497878,1640482614,187.0,8025.0,2021-12-26 05:53:31 UTC
3c856552-2e79-4eb0-b61e-e228d7bf1ab5,1640497852,1640482554,186.0,8021.0,2021-12-26 05:53:31 UTC
3c856552-2e79-4eb0-b61e-e228d7bf1ab5,1640497826,1640482494,186.0,8017.0,2021-12-26 05:53:31 UTC
3c856552-2e79-4eb0-b61e-e228d7bf1ab5,1640497801,1640482434,187.0,8014.0,2021-12-26 05:53:31 UTC
3c856552-2e79-4eb0-b61e-e228d7bf1ab5,1640497774,1640482374,186.0,8010.0,2021-12-26 05:49:56 UTC
3c856552-2e79-4eb0-b61e-e228d7bf1ab5,1640497749,1640482314,188.0,8006.0,2021-12-26 05:49:56 UTC
3c856552-2e79-4eb0-b61e-e228d7bf1ab5,1640497722,1640482254,188.0,8003.0,2021-12-26 05:49:56 UTC
3c856552-2e79-4eb0-b61e-e228d7bf1ab5,1640497698,1640482194,189.0,7999.0,2021-12-26 05:49:56 UTC
3c856552-2e79-4eb0-b61e-e228d7bf1ab5,1640497672,1640482134,188.0,7995.0,2021-12-26 05:49:56 UTC
3c856552-2e79-4eb0-b61e-e228d7bf1ab5,1640497646,1640482074,188.0,7991.0,2021-12-26 05:49:56 UTC
3c856552-2e79-4eb0-b61e-e228d7bf1ab5,1640497621,1640482014,188.0,7988.0,2021-12-26 05:49:56 UTC
3c856552-2e79-4eb0-b61e-e228d7bf1ab5,1640497594,1640481954,181.0,7984.0,2021-12-26 05:49:56 UTC
3c856552-2e79-4eb0-b61e-e228d7bf1ab5,1640497569,1640481894,186.0,7980.0,2021-12-26 05:46:15 UTC
3c856552-2e79-4eb0-b61e-e228d7bf1ab5,1640497543,1640481834,189.0,7977.0,2021-12-26 05:46:15 UTC
3c856552-2e79-4eb0-b61e-e228d7bf1ab5,1640497518,1640481774,188.0,7973.0,2021-12-26 05:46:15 UTC
3c856552-2e79-4eb0-b61e-e228d7bf1ab5,1640497492,1640481714,189.0,7969.0,2021-12-26 05:46:15 UTC
3c856552-2e79-4eb0-b61e-e228d7bf1ab5,1640497466,1640481654,186.0,7966.0,2021-12-26 05:46:15 UTC
3c856552-2e79-4eb0-b61e-e228d7bf1ab5,1640497441,1640481594,186.0,7962.0,2021-12-26 05:46:15 UTC
3c856552-2e79-4eb0-b61e-e228d7bf1ab5,1640497414,1640481534,184.0,7958.0,2021-12-26 05:46:15 UTC
3c856552-2e79-4eb0-b61e-e228d7bf1ab5,1640497389,1640481474,186.0,7955.0,2021-12-26 05:46:15 UTC
3c856552-2e79-4eb0-b61e-e228d7bf1ab5,1640484634,1640481234,184.0,7940.0,2021-12-26 03:10:53 UTC
3c856552-2e79-4eb0-b61e-e228d7bf1ab5,1640484608,1640481174,187.0,7936.0,2021-12-26 03:10:53 UTC
3c856552-2e79-4eb0-b61e-e228d7bf1ab5,1640484582,1640481114,185.0,7933.0,2021-12-26 03:10:53 UTC
3c856552-2e79-4eb0-b61e-e228d7bf1ab5,1640484558,1640481054,187.0,7929.0,2021-12-26 03:10:53 UTC
3c856552-2e79-4eb0-b61e-e228d7bf1ab5,1640484532,1640480994,185.0,7925.0,2021-12-26 03:10:53 UTC
3c856552-2e79-4eb0-b61e-e228d7bf1ab5,1640484506,1640480934,185.0,7922.0,2021-12-26 03:10:53 UTC
3c856552-2e79-4eb0-b61e-e228d7bf1ab5,1640484481,1640480874,184.0,7918.0,2021-12-26 03:10:53 UTC
3c856552-2e79-4eb0-b61e-e228d7bf1ab5,1640484455,1640480814,184.0,7914.0,2021-12-26 02:07:56 UTC
3c856552-2e79-4eb0-b61e-e228d7bf1ab5,1640484347,1640480574,193.0,7900.0,2021-12-26 02:07:56 UTC
3c856552-2e79-4eb0-b61e-e228d7bf1ab5,1640484321,1640480514,185.0,7896.0,2021-12-26 02:07:56 UTC
3c856552-2e79-4eb0-b61e-e228d7bf1ab5,1640484295,1640480454,186.0,7892.0,2021-12-26 02:07:56 UTC
3c856552-2e79-4eb0-b61e-e228d7bf1ab5,1640484269,1640480394,191.0,7888.0,2021-12-26 02:07:56 UTC
3c856552-2e79-4eb0-b61e-e228d7bf1ab5,1640484244,1640480334,193.0,7885.0,2021-12-26 02:07:56 UTC
3c856552-2e79-4eb0-b61e-e228d7bf1ab5,1640484217,1640480274,193.0,7881.0,2021-12-26 02:07:56 UTC
3c856552-2e79-4eb0-b61e-e228d7bf1ab5,1640484191,1640480214,193.0,7877.0,2021-12-26 02:07:56 UTC
3c856552-2e79-4eb0-b61e-e228d7bf1ab5,1640484166,1640480154,209.0,7873.0,2021-12-26 02:02:56 UTC
3c856552-2e79-4eb0-b61e-e228d7bf1ab5,1640484139,1640480094,209.0,7869.0,2021-12-26 02:02:56 UTC
3c856552-2e79-4eb0-b61e-e228d7bf1ab5,1640484114,1640480034,217.0,7865.0,2021-12-26 02:02:56 UTC
3c856552-2e79-4eb0-b61e-e228d7bf1ab5,1640479914,1640479914,237.0,7856.0,2021-12-26 02:02:56 UTC
3c856552-2e79-4eb0-b61e-e228d7bf1ab5,1640479854,1640479854,210.0,7852.0,2021-12-26 02:02:56 UTC
3c856552-2e79-4eb0-b61e-e228d7bf1ab5,1640479794,1640479794,190.0,7848.0,2021-12-26 02:02:56 UTC
3c856552-2e79-4eb0-b61e-e228d7bf1ab5,1640479734,1640479734,183.0,7844.0,2021-12-26 02:02:56 UTC
3c856552-2e79-4eb0-b61e-e228d7bf1ab5,1640479674,1640479674,184.0,7841.0,2021-12-26 02:02:56 UTC
3c856552-2e79-4eb0-b61e-e228d7bf1ab5,1640479615,1640479614,184.0,7837.0,2021-12-26 02:02:56 UTC
3c856552-2e79-4eb0-b61e-e228d7bf1ab5,1640479554,1640479554,184.0,7834.0,2021-12-26 02:02:56 UTC
3c856552-2e79-4eb0-b61e-e228d7bf1ab5,1640479494,1640479494,186.0,7831.0,2021-12-26 00:44:58 UTC
3c856552-2e79-4eb0-b61e-e228d7bf1ab5,1640479434,1640479434,187.0,7827.0,2021-12-26 00:44:58 UTC
3c856552-2e79-4eb0-b61e-e228d7bf1ab5,1640479374,1640479374,187.0,7823.0,2021-12-26 00:44:58 UTC
3c856552-2e79-4eb0-b61e-e228d7bf1ab5,1640479194,1640479194,183.0,7813.0,2021-12-26 00:44:58 UTC
3c856552-2e79-4eb0-b61e-e228d7bf1ab5,1640479135,1640479134,183.0,7809.0,2021-12-26 00:44:58 UTC
3c856552-2e79-4eb0-b61e-e228d7bf1ab5,1640479074,1640479074,175.0,7806.0,2021-12-26 00:44:58 UTC
3c856552-2e79-4eb0-b61e-e228d7bf1ab5,1640479015,1640479014,175.0,7802.0,2021-12-26 00:36:58 UTC
3c856552-2e79-4eb0-b61e-e228d7bf1ab5,1640479165,1640478954,176.0,7799.0,2021-12-26 00:44:58 UTC
3c856552-2e79-4eb0-b61e-e228d7bf1ab5,1640479140,1640478894,181.0,7795.0,2021-12-26 00:44:58 UTC
3c856552-2e79-4eb0-b61e-e228d7bf1ab5,1640479114,1640478834,181.0,7792.0,2021-12-26 00:44:58 UTC
3c856552-2e79-4eb0-b61e-e228d7bf1ab5,1640479090,1640478774,175.0,7788.0,2021-12-26 00:44:58 UTC
3c856552-2e79-4eb0-b61e-e228d7bf1ab5,1640479062,1640478714,177.0,7785.0,2021-12-26 00:44:58 UTC
3c856552-2e79-4eb0-b61e-e228d7bf1ab5,1640479037,1640478654,184.0,7781.0,2021-12-26 00:44:58 UTC
3c856552-2e79-4eb0-b61e-e228d7bf1ab5,1640478414,1640478414,182.0,7767.0,2021-12-26 00:36:58 UTC
3c856552-2e79-4eb0-b61e-e228d7bf1ab5,1640478354,1640478354,182.0,7763.0,2021-12-26 00:36:58 UTC
3c856552-2e79-4eb0-b61e-e228d7bf1ab5,1640478294,1640478294,175.0,7760.0,2021-12-26 00:36:58 UTC
3c856552-2e79-4eb0-b61e-e228d7bf1ab5,1640478234,1640478234,176.0,7757.0,2021-12-26 00:36:58 UTC
3c856552-2e79-4eb0-b61e-e228d7bf1ab5,1640478174,1640478174,176.0,7753.0,2021-12-26 00:36:58 UTC
3c856552-2e79-4eb0-b61e-e228d7bf1ab5,1640478114,1640478114,183.0,7750.0,2021-12-26 00:36:58 UTC
3c856552-2e79-4eb0-b61e-e228d7bf1ab5,1640478054,1640478054,183.0,7746.0,2021-12-26 00:36:58 UTC
3c856552-2e79-4eb0-b61e-e228d7bf1ab5,1640477994,1640477994,182.0,7743.0,2021-12-26 00:36:58 UTC
3c856552-2e79-4eb0-b61e-e228d7bf1ab5,1640477934,1640477934,175.0,7740.0,2021-12-26 00:36:58 UTC
3c856552-2e79-4eb0-b61e-e228d7bf1ab5,1640477874,1640477874,176.0,7736.0,2021-12-26 00:36:58 UTC
3c856552-2e79-4eb0-b61e-e228d7bf1ab5,1640477814,1640477814,176.0,7733.0,2021-12-26 00:36:58 UTC
3c856552-2e79-4eb0-b61e-e228d7bf1ab5,1640477754,1640477754,183.0,7730.0,2021-12-26 00:15:58 UTC
3c856552-2e79-4eb0-b61e-e228d7bf1ab5,1640477694,1640477694,183.0,7726.0,2021-12-26 00:15:58 UTC
3c856552-2e79-4eb0-b61e-e228d7bf1ab5,1640477633,1640477634,176.0,7723.0,2021-12-26 00:15:58 UTC
3c856552-2e79-4eb0-b61e-e228d7bf1ab5,1640477573,1640477574,175.0,7719.0,2021-12-26 00:15:58 UTC
3c856552-2e79-4eb0-b61e-e228d7bf1ab5,1640477513,1640477514,183.0,7716.0,2021-12-26 00:15:58 UTC
3c856552-2e79-4eb0-b61e-e228d7bf1ab5,1640477455,1640477454,184.0,7712.0,2021-12-26 00:15:58 UTC
3c856552-2e79-4eb0-b61e-e228d7bf1ab5,1640477395,1640477394,176.0,7709.0,2021-12-26 00:15:58 UTC
3c856552-2e79-4eb0-b61e-e228d7bf1ab5,1640477334,1640477334,176.0,7706.0,2021-12-26 00:15:58 UTC
3c856552-2e79-4eb0-b61e-e228d7bf1ab5,1640477274,1640477274,175.0,7702.0,2021-12-26 00:15:58 UTC
3c856552-2e79-4eb0-b61e-e228d7bf1ab5,1640477214,1640477214,176.0,7699.0,2021-12-26 00:15:58 UTC
3c856552-2e79-4eb0-b61e-e228d7bf1ab5,1640477154,1640477154,176.0,7696.0,2021-12-26 00:15:58 UTC
3c856552-2e79-4eb0-b61e-e228d7bf1ab5,1640477094,1640477094,176.0,7692.0,2021-12-26 00:15:58 UTC
3c856552-2e79-4eb0-b61e-e228d7bf1ab5,1640477034,1640477034,175.0,7689.0,2021-12-26 00:03:58 UTC
3c856552-2e79-4eb0-b61e-e228d7bf1ab5,1640476974,1640476974,177.0,7686.0,2021-12-26 00:03:58 UTC
3c856552-2e79-4eb0-b61e-e228d7bf1ab5,1640476914,1640476914,179.0,7682.0,2021-12-26 00:03:58 UTC
3c856552-2e79-4eb0-b61e-e228d7bf1ab5,1640476855,1640476854,176.0,7679.0,2021-12-26 00:03:58 UTC
3c856552-2e79-4eb0-b61e-e228d7bf1ab5,1640476795,1640476794,176.0,7676.0,2021-12-26 00:03:58 UTC
3c856552-2e79-4eb0-b61e-e228d7bf1ab5,1640476735,1640476734,178.0,7672.0,2021-12-26 00:03:58 UTC
3c856552-2e79-4eb0-b61e-e228d7bf1ab5,1640476675,1640476674,178.0,7669.0,2021-12-26 00:03:58 UTC
3c856552-2e79-4eb0-b61e-e228d7bf1ab5,1640476615,1640476614,178.0,7666.0,2021-12-26 00:03:58 UTC
3c856552-2e79-4eb0-b61e-e228d7bf1ab5,1640476555,1640476554,177.0,7662.0,2021-12-26 00:03:58 UTC
3c856552-2e79-4eb0-b61e-e228d7bf1ab5,1640476494,1640476494,178.0,7659.0,2021-12-26 00:03:58 UTC
3c856552-2e79-4eb0-b61e-e228d7bf1ab5,1640476434,1640476434,177.0,7655.0,2021-12-26 00:03:58 UTC
3c856552-2e79-4eb0-b61e-e228d7bf1ab5,1640476374,1640476374,176.0,7652.0,2021-12-26 00:03:58 UTC
3c856552-2e79-4eb0-b61e-e228d7bf1ab5,1640476314,1640476314,175.0,7649.0,2021-12-25 23:51:58 UTC
3c856552-2e79-4eb0-b61e-e228d7bf1ab5,1640476254,1640476254,176.0,7645.0,2021-12-25 23:51:58 UTC
3c856552-2e79-4eb0-b61e-e228d7bf1ab5,1640476194,1640476194,176.0,7642.0,2021-12-25 23:51:58 UTC
3c856552-2e79-4eb0-b61e-e228d7bf1ab5,1640476134,1640476134,176.0,7639.0,2021-12-25 23:51:58 UTC
3c856552-2e79-4eb0-b61e-e228d7bf1ab5,1640476075,1640476074,177.0,7635.0,2021-12-25 23:51:58 UTC
3c856552-2e79-4eb0-b61e-e228d7bf1ab5,1640476015,1640476014,177.0,7632.0,2021-12-25 23:51:58 UTC
3c856552-2e79-4eb0-b61e-e228d7bf1ab5,1640475954,1640475954,178.0,7629.0,2021-12-25 23:51:58 UTC
3c856552-2e79-4eb0-b61e-e228d7bf1ab5,1640475887,1640475888,176.0,7627.0,2021-12-25 23:51:58 UTC
3c856552-2e79-4eb0-b61e-e228d7bf1ab5,1640475827,1640475828,177.0,7623.0,2021-12-25 23:51:58 UTC
3c856552-2e79-4eb0-b61e-e228d7bf1ab5,1640475767,1640475768,176.0,7620.0,2021-12-25 23:51:58 UTC
3c856552-2e79-4eb0-b61e-e228d7bf1ab5,1640475707,1640475708,176.0,7617.0,2021-12-25 23:51:58 UTC
3c856552-2e79-4eb0-b61e-e228d7bf1ab5,1640475647,1640475648,177.0,7613.0,2021-12-25 23:51:58 UTC
3c856552-2e79-4eb0-b61e-e228d7bf1ab5,1640475587,1640475588,177.0,7610.0,2021-12-25 23:39:51 UTC
3c856552-2e79-4eb0-b61e-e228d7bf1ab5,1640475527,1640475528,178.0,7607.0,2021-12-25 23:39:51 UTC
3c856552-2e79-4eb0-b61e-e228d7bf1ab5,1640475467,1640475468,176.0,7604.0,2021-12-25 23:39:51 UTC
3c856552-2e79-4eb0-b61e-e228d7bf1ab5,1640475407,1640475408,178.0,7600.0,2021-12-25 23:39:51 UTC
3c856552-2e79-4eb0-b61e-e228d7bf1ab5,1640475347,1640475348,176.0,7597.0,2021-12-25 23:39:51 UTC
3c856552-2e79-4eb0-b61e-e228d7bf1ab5,1640475287,1640475288,177.0,7594.0,2021-12-25 23:39:51 UTC
3c856552-2e79-4eb0-b61e-e228d7bf1ab5,1640475227,1640475228,176.0,7590.0,2021-12-25 23:39:51 UTC
3c856552-2e79-4eb0-b61e-e228d7bf1ab5,1640475167,1640475168,175.0,7587.0,2021-12-25 23:39:51 UTC
3c856552-2e79-4eb0-b61e-e228d7bf1ab5,1640475107,1640475108,176.0,7584.0,2021-12-25 23:39:51 UTC
3c856552-2e79-4eb0-b61e-e228d7bf1ab5,1640475047,1640475048,177.0,7581.0,2021-12-25 23:39:51 UTC
3c856552-2e79-4eb0-b61e-e228d7bf1ab5,1640474988,1640474988,177.0,7577.0,2021-12-25 23:39:51 UTC
3c856552-2e79-4eb0-b61e-e228d7bf1ab5,1640474927,1640474928,177.0,7574.0,2021-12-25 23:39:51 UTC
3c856552-2e79-4eb0-b61e-e228d7bf1ab5,1640474867,1640474868,176.0,7571.0,2021-12-25 23:27:50 UTC
3c856552-2e79-4eb0-b61e-e228d7bf1ab5,1640474807,1640474808,177.0,7567.0,2021-12-25 23:27:50 UTC
3c856552-2e79-4eb0-b61e-e228d7bf1ab5,1640474747,1640474748,176.0,7564.0,2021-12-25 23:27:50 UTC
3c856552-2e79-4eb0-b61e-e228d7bf1ab5,1640474687,1640474688,177.0,7561.0,2021-12-25 23:27:50 UTC
3c856552-2e79-4eb0-b61e-e228d7bf1ab5,1640474627,1640474628,176.0,7558.0,2021-12-25 23:27:50 UTC
3c856552-2e79-4eb0-b61e-e228d7bf1ab5,1640474567,1640474568,176.0,7554.0,2021-12-25 23:27:50 UTC
3c856552-2e79-4eb0-b61e-e228d7bf1ab5,1640474507,1640474508,177.0,7551.0,2021-12-25 23:27:50 UTC
3c856552-2e79-4eb0-b61e-e228d7bf1ab5,1640474447,1640474448,177.0,7548.0,2021-12-25 23:27:50 UTC
3c856552-2e79-4eb0-b61e-e228d7bf1ab5,1640474387,1640474388,177.0,7544.0,2021-12-25 23:27:50 UTC
3c856552-2e79-4eb0-b61e-e228d7bf1ab5,1640474327,1640474328,177.0,7541.0,2021-12-25 23:27:50 UTC
3c856552-2e79-4eb0-b61e-e228d7bf1ab5,1640474267,1640474268,176.0,7538.0,2021-12-25 23:27:50 UTC
3c856552-2e79-4eb0-b61e-e228d7bf1ab5,1640474207,1640474208,177.0,7535.0,2021-12-25 23:27:50 UTC
3c856552-2e79-4eb0-b61e-e228d7bf1ab5,1640474147,1640474148,177.0,7531.0,2021-12-25 23:15:51 UTC
3c856552-2e79-4eb0-b61e-e228d7bf1ab5,1640474087,1640474088,177.0,7528.0,2021-12-25 23:15:51 UTC
3c856552-2e79-4eb0-b61e-e228d7bf1ab5,1640474027,1640474028,177.0,7525.0,2021-12-25 23:15:51 UTC
3c856552-2e79-4eb0-b61e-e228d7bf1ab5,1640473967,1640473968,177.0,7521.0,2021-12-25 23:15:51 UTC
3c856552-2e79-4eb0-b61e-e228d7bf1ab5,1640473907,1640473908,177.0,7518.0,2021-12-25 23:15:51 UTC
3c856552-2e79-4eb0-b61e-e228d7bf1ab5,1640473847,1640473848,176.0,7515.0,2021-12-25 23:15:51 UTC
3c856552-2e79-4eb0-b61e-e228d7bf1ab5,1640473787,1640473788,177.0,7511.0,2021-12-25 23:15:51 UTC
3c856552-2e79-4eb0-b61e-e228d7bf1ab5,1640473727,1640473728,176.0,7508.0,2021-12-25 23:15:51 UTC
3c856552-2e79-4eb0-b61e-e228d7bf1ab5,1640473667,1640473668,176.0,7505.0,2021-12-25 23:15:51 UTC
3c856552-2e79-4eb0-b61e-e228d7bf1ab5,1640473607,1640473608,175.0,7502.0,2021-12-25 23:15:51 UTC
3c856552-2e79-4eb0-b61e-e228d7bf1ab5,1640473547,1640473548,176.0,7498.0,2021-12-25 23:15:51 UTC
3c856552-2e79-4eb0-b61e-e228d7bf1ab5,1640473487,1640473488,177.0,7495.0,2021-12-25 23:15:51 UTC
3c856552-2e79-4eb0-b61e-e228d7bf1ab5,1640473427,1640473428,178.0,7492.0,2021-12-25 23:03:50 UTC
3c856552-2e79-4eb0-b61e-e228d7bf1ab5,1640473367,1640473368,177.0,7488.0,2021-12-25 23:03:50 UTC
3c856552-2e79-4eb0-b61e-e228d7bf1ab5,1640473308,1640473308,177.0,7485.0,2021-12-25 23:03:50 UTC
3c856552-2e79-4eb0-b61e-e228d7bf1ab5,1640473246,1640473248,176.0,7482.0,2021-12-25 23:03:50 UTC
3c856552-2e79-4eb0-b61e-e228d7bf1ab5,1640473186,1640473188,176.0,7479.0,2021-12-25 23:03:50 UTC
3c856552-2e79-4eb0-b61e-e228d7bf1ab5,1640473126,1640473128,177.0,7475.0,2021-12-25 23:03:50 UTC
3c856552-2e79-4eb0-b61e-e228d7bf1ab5,1640473067,1640473068,176.0,7472.0,2021-12-25 23:03:50 UTC
3c856552-2e79-4eb0-b61e-e228d7bf1ab5,1640473007,1640473008,177.0,7469.0,2021-12-25 23:03:50 UTC
3c856552-2e79-4eb0-b61e-e228d7bf1ab5,1640472948,1640472948,177.0,7465.0,2021-12-25 23:03:50 UTC
3c856552-2e79-4eb0-b61e-e228d7bf1ab5,1640472888,1640472888,177.0,7462.0,2021-12-25 23:03:50 UTC
3c856552-2e79-4eb0-b61e-e228d7bf1ab5,1640472828,1640472828,177.0,7459.0,2021-12-25 23:03:50 UTC
3c856552-2e79-4eb0-b61e-e228d7bf1ab5,1640472767,1640472768,178.0,7455.0,2021-12-25 23:03:50 UTC
3c856552-2e79-4eb0-b61e-e228d7bf1ab5,1640472707,1640472708,176.0,7452.0,2021-12-25 22:51:51 UTC
3c856552-2e79-4eb0-b61e-e228d7bf1ab5,1640472647,1640472648,178.0,7449.0,2021-12-25 22:51:51 UTC
3c856552-2e79-4eb0-b61e-e228d7bf1ab5,1640472587,1640472588,178.0,7446.0,2021-12-25 22:51:51 UTC
3c856552-2e79-4eb0-b61e-e228d7bf1ab5,1640472527,1640472528,184.0,7442.0,2021-12-25 22:51:51 UTC
3c856552-2e79-4eb0-b61e-e228d7bf1ab5,1640472467,1640472468,177.0,7439.0,2021-12-25 22:51:51 UTC
3c856552-2e79-4eb0-b61e-e228d7bf1ab5,1640472407,1640472408,176.0,7436.0,2021-12-25 22:51:51 UTC
3c856552-2e79-4eb0-b61e-e228d7bf1ab5,1640472347,1640472348,177.0,7432.0,2021-12-25 22:51:51 UTC
3c856552-2e79-4eb0-b61e-e228d7bf1ab5,1640472287,1640472288,175.0,7429.0,2021-12-25 22:51:51 UTC
3c856552-2e79-4eb0-b61e-e228d7bf1ab5,1640472228,1640472228,183.0,7426.0,2021-12-25 22:51:51 UTC
3c856552-2e79-4eb0-b61e-e228d7bf1ab5,1640472168,1640472168,184.0,7422.0,2021-12-25 22:51:51 UTC
3c856552-2e79-4eb0-b61e-e228d7bf1ab5,1640472108,1640472108,184.0,7419.0,2021-12-25 22:51:51 UTC
3c856552-2e79-4eb0-b61e-e228d7bf1ab5,1640472047,1640472048,184.0,7415.0,2021-12-25 22:51:51 UTC
3c856552-2e79-4eb0-b61e-e228d7bf1ab5,1640471987,1640471988,183.0,7412.0,2021-12-25 22:39:51 UTC
3c856552-2e79-4eb0-b61e-e228d7bf1ab5,1640471928,1640471928,182.0,7409.0,2021-12-25 22:39:51 UTC
3c856552-2e79-4eb0-b61e-e228d7bf1ab5,1640471868,1640471868,169.0,7405.0,2021-12-25 22:39:51 UTC
3c856552-2e79-4eb0-b61e-e228d7bf1ab5,1640471807,1640471808,179.0,7402.0,2021-12-25 22:39:51 UTC
3c856552-2e79-4eb0-b61e-e228d7bf1ab5,1640471747,1640471748,184.0,7399.0,2021-12-25 22:39:51 UTC
3c856552-2e79-4eb0-b61e-e228d7bf1ab5,1640471687,1640471688,183.0,7395.0,2021-12-25 22:39:51 UTC
3c856552-2e79-4eb0-b61e-e228d7bf1ab5,1640471627,1640471628,181.0,7392.0,2021-12-25 22:39:51 UTC
3c856552-2e79-4eb0-b61e-e228d7bf1ab5,1640471567,1640471568,176.0,7389.0,2021-12-25 22:39:51 UTC
3c856552-2e79-4eb0-b61e-e228d7bf1ab5,1640471508,1640471508,185.0,7385.0,2021-12-25 22:39:51 UTC
3c856552-2e79-4eb0-b61e-e228d7bf1ab5,1640471448,1640471448,184.0,7382.0,2021-12-25 22:39:51 UTC
3c856552-2e79-4eb0-b61e-e228d7bf1ab5,1640471388,1640471388,177.0,7378.0,2021-12-25 22:39:51 UTC
3c856552-2e79-4eb0-b61e-e228d7bf1ab5,1640471328,1640471328,177.0,7375.0,2021-12-25 22:39:51 UTC
3c856552-2e79-4eb0-b61e-e228d7bf1ab5,1640471268,1640471268,177.0,7372.0,2021-12-25 22:27:52 UTC
3c856552-2e79-4eb0-b61e-e228d7bf1ab5,1640471208,1640471208,175.0,7369.0,2021-12-25 22:27:52 UTC
3c856552-2e79-4eb0-b61e-e228d7bf1ab5,1640471148,1640471148,177.0,7365.0,2021-12-25 22:27:52 UTC
3c856552-2e79-4eb0-b61e-e228d7bf1ab5,1640471088,1640471088,186.0,7362.0,2021-12-25 22:27:52 UTC
3c856552-2e79-4eb0-b61e-e228d7bf1ab5,1640471028,1640471028,183.0,7359.0,2021-12-25 22:27:52 UTC
3c856552-2e79-4eb0-b61e-e228d7bf1ab5,1640470968,1640470968,184.0,7355.0,2021-12-25 22:27:52 UTC
3c856552-2e79-4eb0-b61e-e228d7bf1ab5,1640470907,1640470908,184.0,7352.0,2021-12-25 22:27:52 UTC
3c856552-2e79-4eb0-b61e-e228d7bf1ab5,1640470847,1640470848,176.0,7348.0,2021-12-25 22:27:52 UTC
3c856552-2e79-4eb0-b61e-e228d7bf1ab5,1640470788,1640470788,176.0,7345.0,2021-12-25 22:27:52 UTC
3c856552-2e79-4eb0-b61e-e228d7bf1ab5,1640470728,1640470728,183.0,7342.0,2021-12-25 22:27:52 UTC
3c856552-2e79-4eb0-b61e-e228d7bf1ab5,1640470668,1640470668,184.0,7338.0,2021-12-25 22:27:52 UTC
3c856552-2e79-4eb0-b61e-e228d7bf1ab5,1640470608,1640470608,174.0,7335.0,2021-12-25 22:27:52 UTC
3c856552-2e79-4eb0-b61e-e228d7bf1ab5,1640470548,1640470548,176.0,7332.0,2021-12-25 22:15:52 UTC
3c856552-2e79-4eb0-b61e-e228d7bf1ab5,1640470488,1640470488,184.0,7328.0,2021-12-25 22:15:52 UTC
3c856552-2e79-4eb0-b61e-e228d7bf1ab5,1640470428,1640470428,183.0,7325.0,2021-12-25 22:15:52 UTC
3c856552-2e79-4eb0-b61e-e228d7bf1ab5,1640470368,1640470368,183.0,7321.0,2021-12-25 22:15:52 UTC
3c856552-2e79-4eb0-b61e-e228d7bf1ab5,1640470308,1640470308,183.0,7318.0,2021-12-25 22:15:52 UTC
3c856552-2e79-4eb0-b61e-e228d7bf1ab5,1640470248,1640470248,184.0,7315.0,2021-12-25 22:15:52 UTC
3c856552-2e79-4eb0-b61e-e228d7bf1ab5,1640470187,1640470188,183.0,7311.0,2021-12-25 22:15:52 UTC
3c856552-2e79-4eb0-b61e-e228d7bf1ab5,1640470128,1640470128,176.0,7308.0,2021-12-25 22:15:52 UTC
3c856552-2e79-4eb0-b61e-e228d7bf1ab5,1640470068,1640470068,176.0,7305.0,2021-12-25 22:15:52 UTC
3c856552-2e79-4eb0-b61e-e228d7bf1ab5,1640470008,1640470008,185.0,7301.0,2021-12-25 22:15:52 UTC
3c856552-2e79-4eb0-b61e-e228d7bf1ab5,1640469948,1640469948,174.0,7298.0,2021-12-25 22:15:52 UTC
3c856552-2e79-4eb0-b61e-e228d7bf1ab5,1640469888,1640469888,182.0,7295.0,2021-12-25 22:15:52 UTC
3c856552-2e79-4eb0-b61e-e228d7bf1ab5,1640469827,1640469828,184.0,7291.0,2021-12-25 22:03:50 UTC
3c856552-2e79-4eb0-b61e-e228d7bf1ab5,1640469767,1640469768,184.0,7288.0,2021-12-25 22:03:50 UTC
3c856552-2e79-4eb0-b61e-e228d7bf1ab5,1640469708,1640469708,184.0,7284.0,2021-12-25 22:03:50 UTC
3c856552-2e79-4eb0-b61e-e228d7bf1ab5,1640469648,1640469648,184.0,7281.0,2021-12-25 22:03:50 UTC
3c856552-2e79-4eb0-b61e-e228d7bf1ab5,1640469588,1640469588,182.0,7277.0,2021-12-25 22:03:50 UTC
3c856552-2e79-4eb0-b61e-e228d7bf1ab5,1640469527,1640469528,182.0,7274.0,2021-12-25 22:03:50 UTC
3c856552-2e79-4eb0-b61e-e228d7bf1ab5,1640469468,1640469468,182.0,7271.0,2021-12-25 22:03:50 UTC
3c856552-2e79-4eb0-b61e-e228d7bf1ab5,1640469408,1640469408,183.0,7267.0,2021-12-25 22:03:50 UTC
3c856552-2e79-4eb0-b61e-e228d7bf1ab5,1640469348,1640469348,184.0,7264.0,2021-12-25 22:03:50 UTC
3c856552-2e79-4eb0-b61e-e228d7bf1ab5,1640469288,1640469288,183.0,7260.0,2021-12-25 22:03:50 UTC
3c856552-2e79-4eb0-b61e-e228d7bf1ab5,1640469228,1640469228,183.0,7257.0,2021-12-25 22:03:50 UTC
3c856552-2e79-4eb0-b61e-e228d7bf1ab5,1640469168,1640469168,182.0,7254.0,2021-12-25 22:03:50 UTC
3c856552-2e79-4eb0-b61e-e228d7bf1ab5,1640469108,1640469108,184.0,7250.0,2021-12-25 21:51:51 UTC
3c856552-2e79-4eb0-b61e-e228d7bf1ab5,1640469048,1640469048,184.0,7247.0,2021-12-25 21:51:51 UTC
3c856552-2e79-4eb0-b61e-e228d7bf1ab5,1640468988,1640468988,183.0,7243.0,2021-12-25 21:51:51 UTC
3c856552-2e79-4eb0-b61e-e228d7bf1ab5,1640468927,1640468928,184.0,7240.0,2021-12-25 21:51:51 UTC
3c856552-2e79-4eb0-b61e-e228d7bf1ab5,1640468867,1640468868,180.0,7236.0,2021-12-25 21:51:51 UTC
3c856552-2e79-4eb0-b61e-e228d7bf1ab5,1640468807,1640468808,184.0,7233.0,2021-12-25 21:51:51 UTC
3c856552-2e79-4eb0-b61e-e228d7bf1ab5,1640468748,1640468748,179.0,7229.0,2021-12-25 21:51:50 UTC
3c856552-2e79-4eb0-b61e-e228d7bf1ab5,1640468687,1640468688,183.0,7226.0,2021-12-25 21:51:50 UTC
3c856552-2e79-4eb0-b61e-e228d7bf1ab5,1640468627,1640468628,181.0,7223.0,2021-12-25 21:51:50 UTC
3c856552-2e79-4eb0-b61e-e228d7bf1ab5,1640468568,1640468568,183.0,7219.0,2021-12-25 21:51:50 UTC
3c856552-2e79-4eb0-b61e-e228d7bf1ab5,1640468508,1640468508,185.0,7216.0,2021-12-25 21:51:50 UTC
3c856552-2e79-4eb0-b61e-e228d7bf1ab5,1640468448,1640468448,184.0,7212.0,2021-12-25 21:51:50 UTC
3c856552-2e79-4eb0-b61e-e228d7bf1ab5,1640468388,1640468388,182.0,7209.0,2021-12-25 21:39:52 UTC
3c856552-2e79-4eb0-b61e-e228d7bf1ab5,1640468328,1640468328,184.0,7205.0,2021-12-25 21:39:52 UTC
3c856552-2e79-4eb0-b61e-e228d7bf1ab5,1640468268,1640468268,181.0,7202.0,2021-12-25 21:39:52 UTC
3c856552-2e79-4eb0-b61e-e228d7bf1ab5,1640468208,1640468208,183.0,7199.0,2021-12-25 21:39:52 UTC
3c856552-2e79-4eb0-b61e-e228d7bf1ab5,1640468147,1640468148,183.0,7195.0,2021-12-25 21:39:52 UTC
3c856552-2e79-4eb0-b61e-e228d7bf1ab5,1640468088,1640468088,178.0,7192.0,2021-12-25 21:39:52 UTC
3c856552-2e79-4eb0-b61e-e228d7bf1ab5,1640468028,1640468028,184.0,7188.0,2021-12-25 21:39:52 UTC
3c856552-2e79-4eb0-b61e-e228d7bf1ab5,1640467967,1640467968,181.0,7185.0,2021-12-25 21:39:52 UTC
3c856552-2e79-4eb0-b61e-e228d7bf1ab5,1640467907,1640467908,186.0,7181.0,2021-12-25 21:39:52 UTC
3c856552-2e79-4eb0-b61e-e228d7bf1ab5,1640467848,1640467848,188.0,7178.0,2021-12-25 21:39:52 UTC
3c856552-2e79-4eb0-b61e-e228d7bf1ab5,1640467788,1640467788,188.0,7174.0,2021-12-25 21:39:52 UTC
3c856552-2e79-4eb0-b61e-e228d7bf1ab5,1640467728,1640467728,181.0,7171.0,2021-12-25 21:39:52 UTC
3c856552-2e79-4eb0-b61e-e228d7bf1ab5,1640467668,1640467668,183.0,7167.0,2021-12-25 21:27:52 UTC
3c856552-2e79-4eb0-b61e-e228d7bf1ab5,1640467608,1640467608,184.0,7164.0,2021-12-25 21:27:52 UTC
3c856552-2e79-4eb0-b61e-e228d7bf1ab5,1640467547,1640467548,183.0,7160.0,2021-12-25 21:27:52 UTC
3c856552-2e79-4eb0-b61e-e228d7bf1ab5,1640467487,1640467488,185.0,7157.0,2021-12-25 21:27:52 UTC
3c856552-2e79-4eb0-b61e-e228d7bf1ab5,1640467428,1640467428,185.0,7153.0,2021-12-25 21:27:52 UTC
3c856552-2e79-4eb0-b61e-e228d7bf1ab5,1640467368,1640467368,184.0,7150.0,2021-12-25 21:27:52 UTC
3c856552-2e79-4eb0-b61e-e228d7bf1ab5,1640467308,1640467308,190.0,7146.0,2021-12-25 21:27:52 UTC
3c856552-2e79-4eb0-b61e-e228d7bf1ab5,1640467248,1640467248,182.0,7143.0,2021-12-25 21:27:52 UTC
3c856552-2e79-4eb0-b61e-e228d7bf1ab5,1640467188,1640467188,178.0,7139.0,2021-12-25 21:27:52 UTC
3c856552-2e79-4eb0-b61e-e228d7bf1ab5,1640467128,1640467128,183.0,7136.0,2021-12-25 21:27:52 UTC
3c856552-2e79-4eb0-b61e-e228d7bf1ab5,1640467068,1640467068,180.0,7132.0,2021-12-25 21:27:52 UTC
3c856552-2e79-4eb0-b61e-e228d7bf1ab5,1640467008,1640467008,185.0,7129.0,2021-12-25 21:27:52 UTC
3c856552-2e79-4eb0-b61e-e228d7bf1ab5,1640466948,1640466948,184.0,7125.0,2021-12-25 21:15:52 UTC
3c856552-2e79-4eb0-b61e-e228d7bf1ab5,1640466888,1640466888,183.0,7122.0,2021-12-25 21:15:52 UTC
3c856552-2e79-4eb0-b61e-e228d7bf1ab5,1640466828,1640466828,183.0,7118.0,2021-12-25 21:15:52 UTC
3c856552-2e79-4eb0-b61e-e228d7bf1ab5,1640466768,1640466768,185.0,7115.0,2021-12-25 21:15:52 UTC
3c856552-2e79-4eb0-b61e-e228d7bf1ab5,1640466708,1640466708,183.0,7111.0,2021-12-25 21:15:52 UTC
3c856552-2e79-4eb0-b61e-e228d7bf1ab5,1640466648,1640466648,181.0,7108.0,2021-12-25 21:15:52 UTC
3c856552-2e79-4eb0-b61e-e228d7bf1ab5,1640466588,1640466588,182.0,7104.0,2021-12-25 21:15:52 UTC
3c856552-2e79-4eb0-b61e-e228d7bf1ab5,1640466528,1640466528,186.0,7101.0,2021-12-25 21:15:52 UTC
3c856552-2e79-4eb0-b61e-e228d7bf1ab5,1640466468,1640466468,182.0,7097.0,2021-12-25 21:15:52 UTC
3c856552-2e79-4eb0-b61e-e228d7bf1ab5,1640466408,1640466408,182.0,7094.0,2021-12-25 21:15:52 UTC
3c856552-2e79-4eb0-b61e-e228d7bf1ab5,1640466348,1640466348,185.0,7090.0,2021-12-25 21:15:52 UTC
3c856552-2e79-4eb0-b61e-e228d7bf1ab5,1640466288,1640466288,183.0,7087.0,2021-12-25 21:15:52 UTC
3c856552-2e79-4eb0-b61e-e228d7bf1ab5,1640466228,1640466228,181.0,7083.0,2021-12-25 21:03:52 UTC
3c856552-2e79-4eb0-b61e-e228d7bf1ab5,1640466168,1640466168,186.0,7080.0,2021-12-25 21:03:52 UTC
3c856552-2e79-4eb0-b61e-e228d7bf1ab5,1640466108,1640466108,185.0,7076.0,2021-12-25 21:03:52 UTC
3c856552-2e79-4eb0-b61e-e228d7bf1ab5,1640466048,1640466048,185.0,7073.0,2021-12-25 21:03:52 UTC
3c856552-2e79-4eb0-b61e-e228d7bf1ab5,1640465988,1640465988,187.0,7069.0,2021-12-25 21:03:52 UTC
3c856552-2e79-4eb0-b61e-e228d7bf1ab5,1640465928,1640465928,184.0,7066.0,2021-12-25 21:03:52 UTC
3c856552-2e79-4eb0-b61e-e228d7bf1ab5,1640465868,1640465868,187.0,7062.0,2021-12-25 21:03:52 UTC
3c856552-2e79-4eb0-b61e-e228d7bf1ab5,1640465808,1640465808,187.0,7059.0,2021-12-25 21:03:52 UTC
3c856552-2e79-4eb0-b61e-e228d7bf1ab5,1640465748,1640465748,184.0,7055.0,2021-12-25 21:03:52 UTC
3c856552-2e79-4eb0-b61e-e228d7bf1ab5,1640465688,1640465688,184.0,7052.0,2021-12-25 21:03:52 UTC
3c856552-2e79-4eb0-b61e-e228d7bf1ab5,1640465628,1640465628,184.0,7048.0,2021-12-25 21:03:52 UTC
3c856552-2e79-4eb0-b61e-e228d7bf1ab5,1640465568,1640465568,185.0,7045.0,2021-12-25 21:03:52 UTC
3c856552-2e79-4eb0-b61e-e228d7bf1ab5,1640465508,1640465508,183.0,7041.0,2021-12-25 20:51:51 UTC
3c856552-2e79-4eb0-b61e-e228d7bf1ab5,1640465448,1640465448,186.0,7038.0,2021-12-25 20:51:51 UTC
3c856552-2e79-4eb0-b61e-e228d7bf1ab5,1640465388,1640465388,185.0,7034.0,2021-12-25 20:51:51 UTC
3c856552-2e79-4eb0-b61e-e228d7bf1ab5,1640465328,1640465328,185.0,7031.0,2021-12-25 20:51:51 UTC
3c856552-2e79-4eb0-b61e-e228d7bf1ab5,1640465267,1640465268,181.0,7027.0,2021-12-25 20:51:51 UTC
3c856552-2e79-4eb0-b61e-e228d7bf1ab5,1640465207,1640465208,181.0,7024.0,2021-12-25 20:51:51 UTC
3c856552-2e79-4eb0-b61e-e228d7bf1ab5,1640465147,1640465148,186.0,7020.0,2021-12-25 20:51:51 UTC
3c856552-2e79-4eb0-b61e-e228d7bf1ab5,1640465087,1640465088,184.0,7017.0,2021-12-25 20:51:51 UTC
3c856552-2e79-4eb0-b61e-e228d7bf1ab5,1640465028,1640465028,184.0,7013.0,2021-12-25 20:51:51 UTC
3c856552-2e79-4eb0-b61e-e228d7bf1ab5,1640464968,1640464968,183.0,7010.0,2021-12-25 20:51:51 UTC
3c856552-2e79-4eb0-b61e-e228d7bf1ab5,1640464908,1640464908,184.0,7006.0,2021-12-25 20:51:51 UTC
3c856552-2e79-4eb0-b61e-e228d7bf1ab5,1640464848,1640464848,187.0,7003.0,2021-12-25 20:51:51 UTC
3c856552-2e79-4eb0-b61e-e228d7bf1ab5,1640464787,1640464788,183.0,6999.0,2021-12-25 20:39:51 UTC
3c856552-2e79-4eb0-b61e-e228d7bf1ab5,1640464728,1640464728,184.0,6996.0,2021-12-25 20:39:51 UTC
3c856552-2e79-4eb0-b61e-e228d7bf1ab5,1640464668,1640464668,185.0,6992.0,2021-12-25 20:39:51 UTC
3c856552-2e79-4eb0-b61e-e228d7bf1ab5,1640464608,1640464608,183.0,6989.0,2021-12-25 20:39:51 UTC
3c856552-2e79-4eb0-b61e-e228d7bf1ab5,1640464548,1640464548,186.0,6985.0,2021-12-25 20:39:51 UTC
3c856552-2e79-4eb0-b61e-e228d7bf1ab5,1640464488,1640464488,185.0,6982.0,2021-12-25 20:39:51 UTC
3c856552-2e79-4eb0-b61e-e228d7bf1ab5,1640464428,1640464428,193.0,6978.0,2021-12-25 20:39:51 UTC
3c856552-2e79-4eb0-b61e-e228d7bf1ab5,1640464368,1640464368,190.0,6975.0,2021-12-25 20:39:51 UTC
3c856552-2e79-4eb0-b61e-e228d7bf1ab5,1640464307,1640464308,193.0,6971.0,2021-12-25 20:39:51 UTC
3c856552-2e79-4eb0-b61e-e228d7bf1ab5,1640464247,1640464248,183.0,6968.0,2021-12-25 20:39:51 UTC
3c856552-2e79-4eb0-b61e-e228d7bf1ab5,1640464187,1640464188,180.0,6964.0,2021-12-25 20:39:51 UTC
3c856552-2e79-4eb0-b61e-e228d7bf1ab5,1640464128,1640464128,193.0,6960.0,2021-12-25 20:39:51 UTC
3c856552-2e79-4eb0-b61e-e228d7bf1ab5,1640464068,1640464068,191.0,6957.0,2021-12-25 20:27:51 UTC
3c856552-2e79-4eb0-b61e-e228d7bf1ab5,1640464008,1640464008,182.0,6953.0,2021-12-25 20:27:51 UTC
3c856552-2e79-4eb0-b61e-e228d7bf1ab5,1640463948,1640463948,183.0,6950.0,2021-12-25 20:27:51 UTC
3c856552-2e79-4eb0-b61e-e228d7bf1ab5,1640463888,1640463888,192.0,6946.0,2021-12-25 20:27:51 UTC
3c856552-2e79-4eb0-b61e-e228d7bf1ab5,1640463828,1640463828,190.0,6942.0,2021-12-25 20:27:51 UTC
3c856552-2e79-4eb0-b61e-e228d7bf1ab5,1640463768,1640463768,195.0,6939.0,2021-12-25 20:27:51 UTC
3c856552-2e79-4eb0-b61e-e228d7bf1ab5,1640463708,1640463708,190.0,6935.0,2021-12-25 20:27:51 UTC
3c856552-2e79-4eb0-b61e-e228d7bf1ab5,1640463648,1640463648,192.0,6932.0,2021-12-25 20:27:51 UTC
3c856552-2e79-4eb0-b61e-e228d7bf1ab5,1640463588,1640463588,189.0,6928.0,2021-12-25 20:27:51 UTC
3c856552-2e79-4eb0-b61e-e228d7bf1ab5,1640463528,1640463528,191.0,6924.0,2021-12-25 20:27:51 UTC
3c856552-2e79-4eb0-b61e-e228d7bf1ab5,1640463468,1640463468,185.0,6921.0,2021-12-25 20:27:51 UTC
3c856552-2e79-4eb0-b61e-e228d7bf1ab5,1640463408,1640463408,191.0,6917.0,2021-12-25 20:27:51 UTC
3c856552-2e79-4eb0-b61e-e228d7bf1ab5,1640463348,1640463348,193.0,6914.0,2021-12-25 20:15:52 UTC
3c856552-2e79-4eb0-b61e-e228d7bf1ab5,1640463288,1640463288,193.0,6910.0,2021-12-25 20:15:52 UTC
3c856552-2e79-4eb0-b61e-e228d7bf1ab5,1640463227,1640463228,193.0,6906.0,2021-12-25 20:15:52 UTC
3c856552-2e79-4eb0-b61e-e228d7bf1ab5,1640463167,1640463168,193.0,6903.0,2021-12-25 20:15:52 UTC
3c856552-2e79-4eb0-b61e-e228d7bf1ab5,1640463108,1640463108,186.0,6899.0,2021-12-25 20:15:52 UTC
3c856552-2e79-4eb0-b61e-e228d7bf1ab5,1640463048,1640463048,184.0,6896.0,2021-12-25 20:15:52 UTC
3c856552-2e79-4eb0-b61e-e228d7bf1ab5,1640462988,1640462988,194.0,6892.0,2021-12-25 20:15:52 UTC
3c856552-2e79-4eb0-b61e-e228d7bf1ab5,1640462928,1640462928,191.0,6889.0,2021-12-25 20:15:52 UTC
3c856552-2e79-4eb0-b61e-e228d7bf1ab5,1640462867,1640462868,193.0,6885.0,2021-12-25 20:15:52 UTC
3c856552-2e79-4eb0-b61e-e228d7bf1ab5,1640462807,1640462808,196.0,6881.0,2021-12-25 20:15:52 UTC
3c856552-2e79-4eb0-b61e-e228d7bf1ab5,1640462748,1640462748,194.0,6878.0,2021-12-25 20:15:52 UTC
3c856552-2e79-4eb0-b61e-e228d7bf1ab5,1640462688,1640462688,191.0,6874.0,2021-12-25 20:15:52 UTC
3c856552-2e79-4eb0-b61e-e228d7bf1ab5,1640462628,1640462628,192.0,6870.0,2021-12-25 20:03:51 UTC
3c856552-2e79-4eb0-b61e-e228d7bf1ab5,1640462568,1640462568,193.0,6867.0,2021-12-25 20:03:51 UTC
3c856552-2e79-4eb0-b61e-e228d7bf1ab5,1640462508,1640462508,192.0,6863.0,2021-12-25 20:03:51 UTC
3c856552-2e79-4eb0-b61e-e228d7bf1ab5,1640462448,1640462448,193.0,6859.0,2021-12-25 20:03:51 UTC
3c856552-2e79-4eb0-b61e-e228d7bf1ab5,1640462388,1640462388,192.0,6856.0,2021-12-25 20:03:51 UTC
3c856552-2e79-4eb0-b61e-e228d7bf1ab5,1640462328,1640462328,192.0,6852.0,2021-12-25 20:03:51 UTC
3c856552-2e79-4eb0-b61e-e228d7bf1ab5,1640462268,1640462268,193.0,6849.0,2021-12-25 20:03:51 UTC
3c856552-2e79-4eb0-b61e-e228d7bf1ab5,1640462208,1640462208,191.0,6845.0,2021-12-25 20:03:51 UTC
3c856552-2e79-4eb0-b61e-e228d7bf1ab5,1640462148,1640462148,188.0,6841.0,2021-12-25 20:03:51 UTC
3c856552-2e79-4eb0-b61e-e228d7bf1ab5,1640462088,1640462088,196.0,6838.0,2021-12-25 20:03:51 UTC
3c856552-2e79-4eb0-b61e-e228d7bf1ab5,1640462028,1640462028,194.0,6834.0,2021-12-25 20:03:51 UTC
3c856552-2e79-4eb0-b61e-e228d7bf1ab5,1640461968,1640461968,193.0,6830.0,2021-12-25 20:03:51 UTC
3c856552-2e79-4eb0-b61e-e228d7bf1ab5,1640461908,1640461908,193.0,6827.0,2021-12-25 19:51:52 UTC
3c856552-2e79-4eb0-b61e-e228d7bf1ab5,1640461848,1640461848,192.0,6823.0,2021-12-25 19:51:52 UTC
3c856552-2e79-4eb0-b61e-e228d7bf1ab5,1640461788,1640461788,192.0,6819.0,2021-12-25 19:51:52 UTC
3c856552-2e79-4eb0-b61e-e228d7bf1ab5,1640461728,1640461728,193.0,6816.0,2021-12-25 19:51:52 UTC
3c856552-2e79-4eb0-b61e-e228d7bf1ab5,1640461668,1640461668,192.0,6812.0,2021-12-25 19:51:52 UTC
3c856552-2e79-4eb0-b61e-e228d7bf1ab5,1640461608,1640461608,195.0,6809.0,2021-12-25 19:51:52 UTC
3c856552-2e79-4eb0-b61e-e228d7bf1ab5,1640461548,1640461548,191.0,6805.0,2021-12-25 19:51:52 UTC
3c856552-2e79-4eb0-b61e-e228d7bf1ab5,1640461488,1640461488,198.0,6801.0,2021-12-25 19:51:52 UTC
3c856552-2e79-4eb0-b61e-e228d7bf1ab5,1640461428,1640461428,200.0,6797.0,2021-12-25 19:51:52 UTC
3c856552-2e79-4eb0-b61e-e228d7bf1ab5,1640461368,1640461368,200.0,6794.0,2021-12-25 19:51:52 UTC
3c856552-2e79-4eb0-b61e-e228d7bf1ab5,1640461308,1640461308,198.0,6790.0,2021-12-25 19:51:52 UTC
3c856552-2e79-4eb0-b61e-e228d7bf1ab5,1640461248,1640461248,201.0,6786.0,2021-12-25 19:51:52 UTC
3c856552-2e79-4eb0-b61e-e228d7bf1ab5,1640461188,1640461188,200.0,6782.0,2021-12-25 19:39:51 UTC
3c856552-2e79-4eb0-b61e-e228d7bf1ab5,1640461128,1640461128,196.0,6778.0,2021-12-25 19:39:51 UTC
3c856552-2e79-4eb0-b61e-e228d7bf1ab5,1640461068,1640461068,204.0,6775.0,2021-12-25 19:39:51 UTC
3c856552-2e79-4eb0-b61e-e228d7bf1ab5,1640461008,1640461008,197.0,6771.0,2021-12-25 19:39:51 UTC
3c856552-2e79-4eb0-b61e-e228d7bf1ab5,1640460948,1640460948,199.0,6767.0,2021-12-25 19:39:51 UTC
3c856552-2e79-4eb0-b61e-e228d7bf1ab5,1640460888,1640460888,208.0,6763.0,2021-12-25 19:39:51 UTC
3c856552-2e79-4eb0-b61e-e228d7bf1ab5,1640460828,1640460828,208.0,6759.0,2021-12-25 19:39:51 UTC
3c856552-2e79-4eb0-b61e-e228d7bf1ab5,1640460768,1640460768,205.0,6756.0,2021-12-25 19:39:51 UTC
3c856552-2e79-4eb0-b61e-e228d7bf1ab5,1640460708,1640460708,207.0,6752.0,2021-12-25 19:39:51 UTC
3c856552-2e79-4eb0-b61e-e228d7bf1ab5,1640460647,1640460648,214.0,6748.0,2021-12-25 19:39:51 UTC
3c856552-2e79-4eb0-b61e-e228d7bf1ab5,1640460588,1640460588,214.0,6744.0,2021-12-25 19:39:51 UTC
3c856552-2e79-4eb0-b61e-e228d7bf1ab5,1640460528,1640460528,213.0,6740.0,2021-12-25 19:39:51 UTC
3c856552-2e79-4eb0-b61e-e228d7bf1ab5,1640460468,1640460468,223.0,6735.0,2021-12-25 19:27:51 UTC
3c856552-2e79-4eb0-b61e-e228d7bf1ab5,1640460408,1640460408,226.0,6731.0,2021-12-25 19:27:51 UTC
3c856552-2e79-4eb0-b61e-e228d7bf1ab5,1640460348,1640460348,183.0,6727.0,2021-12-25 19:27:51 UTC
3c856552-2e79-4eb0-b61e-e228d7bf1ab5,1640460288,1640460288,190.0,6724.0,2021-12-25 19:27:51 UTC
3c856552-2e79-4eb0-b61e-e228d7bf1ab5,1640460228,1640460228,190.0,6720.0,2021-12-25 19:27:51 UTC
3c856552-2e79-4eb0-b61e-e228d7bf1ab5,1640460168,1640460168,189.0,6717.0,2021-12-25 19:27:51 UTC
3c856552-2e79-4eb0-b61e-e228d7bf1ab5,1640460108,1640460108,366.0,6712.0,2021-12-25 19:27:51 UTC
3c856552-2e79-4eb0-b61e-e228d7bf1ab5,1640460048,1640460048,343.0,6705.0,2021-12-25 19:27:51 UTC
3c856552-2e79-4eb0-b61e-e228d7bf1ab5,1640459988,1640459988,8.0,6701.0,2021-12-25 19:27:51 UTC
3c856552-2e79-4eb0-b61e-e228d7bf1ab5,1640459928,1640459928,7.0,6701.0,2021-12-25 19:27:51 UTC
3c856552-2e79-4eb0-b61e-e228d7bf1ab5,1640459868,1640459868,8.0,6701.0,2021-12-25 19:27:51 UTC
3c856552-2e79-4eb0-b61e-e228d7bf1ab5,1640459808,1640459808,110.0,6700.0,2021-12-25 19:27:51 UTC
3c856552-2e79-4eb0-b61e-e228d7bf1ab5,1640459748,1640459748,109.0,6698.0,2021-12-25 19:15:51 UTC
3c856552-2e79-4eb0-b61e-e228d7bf1ab5,1640459688,1640459688,109.0,6695.0,2021-12-25 19:15:51 UTC
3c856552-2e79-4eb0-b61e-e228d7bf1ab5,1640459628,1640459628,109.0,6693.0,2021-12-25 19:15:51 UTC
3c856552-2e79-4eb0-b61e-e228d7bf1ab5,1640459568,1640459568,110.0,6691.0,2021-12-25 19:15:51 UTC
3c856552-2e79-4eb0-b61e-e228d7bf1ab5,1640459508,1640459508,115.0,6689.0,2021-12-25 19:15:51 UTC
3c856552-2e79-4eb0-b61e-e228d7bf1ab5,1640459448,1640459448,115.0,6687.0,2021-12-25 19:15:51 UTC
3c856552-2e79-4eb0-b61e-e228d7bf1ab5,1640459388,1640459388,119.0,6685.0,2021-12-25 19:15:51 UTC
3c856552-2e79-4eb0-b61e-e228d7bf1ab5,1640459328,1640459328,126.0,6682.0,2021-12-25 19:15:51 UTC
3c856552-2e79-4eb0-b61e-e228d7bf1ab5,1640459268,1640459268,126.0,6680.0,2021-12-25 19:15:51 UTC
3c856552-2e79-4eb0-b61e-e228d7bf1ab5,1640459208,1640459208,131.0,6678.0,2021-12-25 19:15:51 UTC
3c856552-2e79-4eb0-b61e-e228d7bf1ab5,1640459148,1640459148,137.0,6675.0,2021-12-25 19:15:51 UTC
3c856552-2e79-4eb0-b61e-e228d7bf1ab5,1640459088,1640459088,137.0,6672.0,2021-12-25 19:15:51 UTC
3c856552-2e79-4eb0-b61e-e228d7bf1ab5,1640459028,1640459028,147.0,6670.0,2021-12-25 19:03:51 UTC
3c856552-2e79-4eb0-b61e-e228d7bf1ab5,1640458968,1640458968,151.0,6667.0,2021-12-25 19:03:51 UTC
3c856552-2e79-4eb0-b61e-e228d7bf1ab5,1640458908,1640458908,167.0,6664.0,2021-12-25 19:03:51 UTC
3c856552-2e79-4eb0-b61e-e228d7bf1ab5,1640458848,1640458848,185.0,6661.0,2021-12-25 19:03:51 UTC
3c856552-2e79-4eb0-b61e-e228d7bf1ab5,1640458788,1640458788,190.0,6657.0,2021-12-25 19:03:51 UTC
3c856552-2e79-4eb0-b61e-e228d7bf1ab5,1640458728,1640458728,246.0,6654.0,2021-12-25 19:03:51 UTC
3c856552-2e79-4eb0-b61e-e228d7bf1ab5,1640458668,1640458668,338.0,6646.0,2021-12-25 19:03:51 UTC
3c856552-2e79-4eb0-b61e-e228d7bf1ab5,1640458608,1640458608,46.0,6641.0,2021-12-25 19:03:51 UTC
3c856552-2e79-4eb0-b61e-e228d7bf1ab5,1640458548,1640458548,8.0,6641.0,2021-12-25 19:03:51 UTC
3c856552-2e79-4eb0-b61e-e228d7bf1ab5,1640458488,1640458488,9.0,6641.0,2021-12-25 19:03:51 UTC
3c856552-2e79-4eb0-b61e-e228d7bf1ab5,1640458428,1640458428,99.0,6640.0,2021-12-25 19:03:51 UTC
3c856552-2e79-4eb0-b61e-e228d7bf1ab5,1640458368,1640458368,111.0,6638.0,2021-12-25 19:03:51 UTC
3c856552-2e79-4eb0-b61e-e228d7bf1ab5,1640458308,1640458308,110.0,6636.0,2021-12-25 18:51:51 UTC
3c856552-2e79-4eb0-b61e-e228d7bf1ab5,1640458248,1640458248,109.0,6634.0,2021-12-25 18:51:51 UTC
3c856552-2e79-4eb0-b61e-e228d7bf1ab5,1640458188,1640458188,109.0,6632.0,2021-12-25 18:51:51 UTC
3c856552-2e79-4eb0-b61e-e228d7bf1ab5,1640458128,1640458128,109.0,6630.0,2021-12-25 18:51:51 UTC
3c856552-2e79-4eb0-b61e-e228d7bf1ab5,1640458068,1640458068,110.0,6628.0,2021-12-25 18:51:51 UTC
3c856552-2e79-4eb0-b61e-e228d7bf1ab5,1640458008,1640458008,108.0,6626.0,2021-12-25 18:51:51 UTC
3c856552-2e79-4eb0-b61e-e228d7bf1ab5,1640457948,1640457948,110.0,6624.0,2021-12-25 18:51:51 UTC
3c856552-2e79-4eb0-b61e-e228d7bf1ab5,1640457888,1640457888,109.0,6622.0,2021-12-25 18:51:51 UTC
3c856552-2e79-4eb0-b61e-e228d7bf1ab5,1640457828,1640457828,108.0,6620.0,2021-12-25 18:51:51 UTC
3c856552-2e79-4eb0-b61e-e228d7bf1ab5,1640457768,1640457768,108.0,6617.0,2021-12-25 18:51:51 UTC
3c856552-2e79-4eb0-b61e-e228d7bf1ab5,1640457708,1640457708,108.0,6615.0,2021-12-25 18:51:51 UTC
3c856552-2e79-4eb0-b61e-e228d7bf1ab5,1640457648,1640457648,108.0,6613.0,2021-12-25 18:51:51 UTC
3c856552-2e79-4eb0-b61e-e228d7bf1ab5,1640457588,1640457588,112.0,6611.0,2021-12-25 18:39:51 UTC
3c856552-2e79-4eb0-b61e-e228d7bf1ab5,1640457528,1640457528,253.0,6608.0,2021-12-25 18:39:51 UTC
3c856552-2e79-4eb0-b61e-e228d7bf1ab5,1640457468,1640457468,250.0,6604.0,2021-12-25 18:39:51 UTC
3c856552-2e79-4eb0-b61e-e228d7bf1ab5,1640457408,1640457408,253.0,6599.0,2021-12-25 18:39:51 UTC
3c856552-2e79-4eb0-b61e-e228d7bf1ab5,1640457348,1640457348,255.0,6594.0,2021-12-25 18:39:51 UTC
3c856552-2e79-4eb0-b61e-e228d7bf1ab5,1640457288,1640457288,258.0,6589.0,2021-12-25 18:39:51 UTC
3c856552-2e79-4eb0-b61e-e228d7bf1ab5,1640457228,1640457228,9.0,6586.0,2021-12-25 18:39:51 UTC
3c856552-2e79-4eb0-b61e-e228d7bf1ab5,1640457168,1640457168,9.0,6586.0,2021-12-25 18:39:51 UTC
3c856552-2e79-4eb0-b61e-e228d7bf1ab5,1640457108,1640457108,9.0,6586.0,2021-12-25 18:39:51 UTC
3c856552-2e79-4eb0-b61e-e228d7bf1ab5,1640457048,1640457048,8.0,6586.0,2021-12-25 18:39:51 UTC
3c856552-2e79-4eb0-b61e-e228d7bf1ab5,1640456988,1640456988,9.0,6585.0,2021-12-25 18:39:51 UTC
3c856552-2e79-4eb0-b61e-e228d7bf1ab5,1640456928,1640456928,8.0,6585.0,2021-12-25 18:39:51 UTC
3c856552-2e79-4eb0-b61e-e228d7bf1ab5,1640456868,1640456868,8.0,6585.0,2021-12-25 18:27:51 UTC
3c856552-2e79-4eb0-b61e-e228d7bf1ab5,1640456808,1640456808,9.0,6585.0,2021-12-25 18:27:51 UTC
3c856552-2e79-4eb0-b61e-e228d7bf1ab5,1640456748,1640456748,8.0,6585.0,2021-12-25 18:27:51 UTC
3c856552-2e79-4eb0-b61e-e228d7bf1ab5,1640456688,1640456688,8.0,6585.0,2021-12-25 18:27:51 UTC
3c856552-2e79-4eb0-b61e-e228d7bf1ab5,1640456628,1640456628,8.0,6584.0,2021-12-25 18:27:51 UTC
3c856552-2e79-4eb0-b61e-e228d7bf1ab5,1640456568,1640456568,9.0,6584.0,2021-12-25 18:27:51 UTC
3c856552-2e79-4eb0-b61e-e228d7bf1ab5,1640456508,1640456508,9.0,6584.0,2021-12-25 18:27:51 UTC
3c856552-2e79-4eb0-b61e-e228d7bf1ab5,1640456448,1640456448,9.0,6584.0,2021-12-25 18:27:51 UTC
3c856552-2e79-4eb0-b61e-e228d7bf1ab5,1640456388,1640456388,9.0,6584.0,2021-12-25 18:27:51 UTC
3c856552-2e79-4eb0-b61e-e228d7bf1ab5,1640456328,1640456328,9.0,6583.0,2021-12-25 18:27:51 UTC
3c856552-2e79-4eb0-b61e-e228d7bf1ab5,1640456268,1640456268,8.0,6583.0,2021-12-25 18:27:51 UTC
3c856552-2e79-4eb0-b61e-e228d7bf1ab5,1640456208,1640456208,9.0,6583.0,2021-12-25 18:27:51 UTC
3c856552-2e79-4eb0-b61e-e228d7bf1ab5,1640456148,1640456148,9.0,6583.0,2021-12-25 18:15:51 UTC
3c856552-2e79-4eb0-b61e-e228d7bf1ab5,1640456088,1640456088,9.0,6583.0,2021-12-25 18:15:51 UTC
3c856552-2e79-4eb0-b61e-e228d7bf1ab5,1640456028,1640456028,8.0,6583.0,2021-12-25 18:15:51 UTC
3c856552-2e79-4eb0-b61e-e228d7bf1ab5,1640455968,1640455968,9.0,6582.0,2021-12-25 18:15:51 UTC
3c856552-2e79-4eb0-b61e-e228d7bf1ab5,1640455908,1640455908,8.0,6582.0,2021-12-25 18:15:51 UTC
3c856552-2e79-4eb0-b61e-e228d7bf1ab5,1640455848,1640455848,9.0,6582.0,2021-12-25 18:15:51 UTC
3c856552-2e79-4eb0-b61e-e228d7bf1ab5,1640455788,1640455788,72.0,6582.0,2021-12-25 18:15:51 UTC
3c856552-2e79-4eb0-b61e-e228d7bf1ab5,1640455728,1640455728,118.0,6580.0,2021-12-25 18:15:51 UTC
3c856552-2e79-4eb0-b61e-e228d7bf1ab5,1640455668,1640455668,132.0,6578.0,2021-12-25 18:15:51 UTC
3c856552-2e79-4eb0-b61e-e228d7bf1ab5,1640455608,1640455608,153.0,6575.0,2021-12-25 18:15:51 UTC
3c856552-2e79-4eb0-b61e-e228d7bf1ab5,1640455548,1640455548,183.0,6572.0,2021-12-25 18:15:51 UTC
3c856552-2e79-4eb0-b61e-e228d7bf1ab5,1640455488,1640455488,219.0,6568.0,2021-12-25 18:15:51 UTC
3c856552-2e79-4eb0-b61e-e228d7bf1ab5,1640455428,1640455428,191.0,6564.0,2021-12-25 18:03:51 UTC
3c856552-2e79-4eb0-b61e-e228d7bf1ab5,1640455368,1640455368,142.0,6561.0,2021-12-25 18:03:51 UTC
3c856552-2e79-4eb0-b61e-e228d7bf1ab5,1640455308,1640455308,195.0,6558.0,2021-12-25 18:03:51 UTC
3c856552-2e79-4eb0-b61e-e228d7bf1ab5,1640455248,1640455248,191.0,6554.0,2021-12-25 18:03:51 UTC
3c856552-2e79-4eb0-b61e-e228d7bf1ab5,1640455188,1640455188,196.0,6550.0,2021-12-25 18:03:51 UTC
3c856552-2e79-4eb0-b61e-e228d7bf1ab5,1640455128,1640455128,191.0,6547.0,2021-12-25 18:03:51 UTC
3c856552-2e79-4eb0-b61e-e228d7bf1ab5,1640455068,1640455068,194.0,6543.0,2021-12-25 18:03:51 UTC
3c856552-2e79-4eb0-b61e-e228d7bf1ab5,1640455008,1640455008,191.0,6539.0,2021-12-25 18:03:51 UTC
3c856552-2e79-4eb0-b61e-e228d7bf1ab5,1640454948,1640454948,191.0,6536.0,2021-12-25 18:03:51 UTC
3c856552-2e79-4eb0-b61e-e228d7bf1ab5,1640454888,1640454888,193.0,6532.0,2021-12-25 18:03:51 UTC
3c856552-2e79-4eb0-b61e-e228d7bf1ab5,1640454828,1640454828,190.0,6528.0,2021-12-25 18:03:51 UTC
3c856552-2e79-4eb0-b61e-e228d7bf1ab5,1640454768,1640454768,194.0,6525.0,2021-12-25 18:03:51 UTC
3c856552-2e79-4eb0-b61e-e228d7bf1ab5,1640454708,1640454708,194.0,6521.0,2021-12-25 17:51:51 UTC
3c856552-2e79-4eb0-b61e-e228d7bf1ab5,1640454648,1640454648,193.0,6517.0,2021-12-25 17:51:51 UTC
3c856552-2e79-4eb0-b61e-e228d7bf1ab5,1640454588,1640454588,193.0,6514.0,2021-12-25 17:51:51 UTC
3c856552-2e79-4eb0-b61e-e228d7bf1ab5,1640454528,1640454528,189.0,6510.0,2021-12-25 17:51:51 UTC
3c856552-2e79-4eb0-b61e-e228d7bf1ab5,1640454468,1640454468,187.0,6507.0,2021-12-25 17:51:51 UTC
3c856552-2e79-4eb0-b61e-e228d7bf1ab5,1640454408,1640454408,194.0,6503.0,2021-12-25 17:51:51 UTC
3c856552-2e79-4eb0-b61e-e228d7bf1ab5,1640454348,1640454348,191.0,6499.0,2021-12-25 17:51:51 UTC
3c856552-2e79-4eb0-b61e-e228d7bf1ab5,1640454288,1640454288,195.0,6496.0,2021-12-25 17:51:51 UTC
3c856552-2e79-4eb0-b61e-e228d7bf1ab5,1640454228,1640454228,192.0,6492.0,2021-12-25 17:44:30 UTC
3c856552-2e79-4eb0-b61e-e228d7bf1ab5,1640454168,1640454168,190.0,6488.0,2021-12-25 17:44:30 UTC
3c856552-2e79-4eb0-b61e-e228d7bf1ab5,1640454108,1640454108,199.0,6485.0,2021-12-25 17:44:30 UTC
3c856552-2e79-4eb0-b61e-e228d7bf1ab5,1640454048,1640454048,201.0,6481.0,2021-12-25 17:40:50 UTC
3c856552-2e79-4eb0-b61e-e228d7bf1ab5,1640453988,1640453988,199.0,6477.0,2021-12-25 17:40:50 UTC
3c856552-2e79-4eb0-b61e-e228d7bf1ab5,1640453928,1640453928,201.0,6473.0,2021-12-25 17:40:50 UTC
3c856552-2e79-4eb0-b61e-e228d7bf1ab5,1640453868,1640453868,198.0,6470.0,2021-12-25 17:40:50 UTC
3c856552-2e79-4eb0-b61e-e228d7bf1ab5,1640453808,1640453808,199.0,6466.0,2021-12-25 17:37:12 UTC
3c856552-2e79-4eb0-b61e-e228d7bf1ab5,1640453748,1640453748,200.0,6462.0,2021-12-25 17:37:12 UTC
3c856552-2e79-4eb0-b61e-e228d7bf1ab5,1640453688,1640453688,200.0,6458.0,2021-12-25 17:37:12 UTC
3c856552-2e79-4eb0-b61e-e228d7bf1ab5,1640453628,1640453628,199.0,6455.0,2021-12-25 17:37:12 UTC
3c856552-2e79-4eb0-b61e-e228d7bf1ab5,1640453568,1640453568,199.0,6451.0,2021-12-25 17:33:45 UTC
3c856552-2e79-4eb0-b61e-e228d7bf1ab5,1640453508,1640453508,198.0,6447.0,2021-12-25 17:33:45 UTC
3c856552-2e79-4eb0-b61e-e228d7bf1ab5,1640453448,1640453448,202.0,6444.0,2021-12-25 17:33:45 UTC
3c856552-2e79-4eb0-b61e-e228d7bf1ab5,1640453388,1640453388,201.0,6440.0,2021-12-25 17:29:51 UTC
3c856552-2e79-4eb0-b61e-e228d7bf1ab5,1640453328,1640453328,201.0,6436.0,2021-12-25 17:29:51 UTC
3c856552-2e79-4eb0-b61e-e228d7bf1ab5,1640453268,1640453268,201.0,6432.0,2021-12-25 17:29:51 UTC
3c856552-2e79-4eb0-b61e-e228d7bf1ab5,1640453208,1640453208,201.0,6429.0,2021-12-25 17:29:51 UTC
3c856552-2e79-4eb0-b61e-e228d7bf1ab5,1640453148,1640453148,200.0,6425.0,2021-12-25 17:26:23 UTC
3c856552-2e79-4eb0-b61e-e228d7bf1ab5,1640453088,1640453088,200.0,6421.0,2021-12-25 17:26:23 UTC
3c856552-2e79-4eb0-b61e-e228d7bf1ab5,1640453028,1640453028,200.0,6417.0,2021-12-25 17:26:23 UTC
3c856552-2e79-4eb0-b61e-e228d7bf1ab5,1640452968,1640452968,201.0,6414.0,2021-12-25 17:22:50 UTC
3c856552-2e79-4eb0-b61e-e228d7bf1ab5,1640452908,1640452908,199.0,6410.0,2021-12-25 17:22:50 UTC
3c856552-2e79-4eb0-b61e-e228d7bf1ab5,1640452848,1640452848,200.0,6406.0,2021-12-25 17:22:50 UTC
3c856552-2e79-4eb0-b61e-e228d7bf1ab5,1640452788,1640452788,202.0,6403.0,2021-12-25 17:22:50 UTC
3c856552-2e79-4eb0-b61e-e228d7bf1ab5,1640452729,1640452728,199.0,6399.0,2021-12-25 17:19:03 UTC
3c856552-2e79-4eb0-b61e-e228d7bf1ab5,1640452668,1640452668,199.0,6395.0,2021-12-25 17:19:03 UTC
3c856552-2e79-4eb0-b61e-e228d7bf1ab5,1640452608,1640452608,198.0,6391.0,2021-12-25 17:19:03 UTC
3c856552-2e79-4eb0-b61e-e228d7bf1ab5,1640452548,1640452548,201.0,6388.0,2021-12-25 17:19:03 UTC
3c856552-2e79-4eb0-b61e-e228d7bf1ab5,1640452488,1640452488,210.0,6384.0,2021-12-25 17:15:35 UTC
3c856552-2e79-4eb0-b61e-e228d7bf1ab5,1640452428,1640452428,210.0,6380.0,2021-12-25 17:15:35 UTC
3c856552-2e79-4eb0-b61e-e228d7bf1ab5,1640452368,1640452368,207.0,6376.0,2021-12-25 17:15:35 UTC
3c856552-2e79-4eb0-b61e-e228d7bf1ab5,1640452308,1640452308,207.0,6372.0,2021-12-25 17:11:51 UTC
3c856552-2e79-4eb0-b61e-e228d7bf1ab5,1640452249,1640452248,208.0,6369.0,2021-12-25 17:11:51 UTC
3c856552-2e79-4eb0-b61e-e228d7bf1ab5,1640452188,1640452188,208.0,6365.0,2021-12-25 17:11:51 UTC
3c856552-2e79-4eb0-b61e-e228d7bf1ab5,1640452128,1640452128,208.0,6361.0,2021-12-25 17:11:50 UTC
3c856552-2e79-4eb0-b61e-e228d7bf1ab5,1640452068,1640452068,207.0,6357.0,2021-12-25 17:08:14 UTC
3c856552-2e79-4eb0-b61e-e228d7bf1ab5,1640452008,1640452008,209.0,6353.0,2021-12-25 17:08:14 UTC
3c856552-2e79-4eb0-b61e-e228d7bf1ab5,1640451948,1640451948,208.0,6349.0,2021-12-25 17:08:14 UTC
3c856552-2e79-4eb0-b61e-e228d7bf1ab5,1640451888,1640451888,210.0,6345.0,2021-12-25 17:08:14 UTC
3c856552-2e79-4eb0-b61e-e228d7bf1ab5,1640451828,1640451828,211.0,6341.0,2021-12-25 17:04:48 UTC
3c856552-2e79-4eb0-b61e-e228d7bf1ab5,1640451768,1640451768,206.0,6337.0,2021-12-25 17:04:48 UTC
3c856552-2e79-4eb0-b61e-e228d7bf1ab5,1640451708,1640451708,211.0,6334.0,2021-12-25 17:04:48 UTC
3c856552-2e79-4eb0-b61e-e228d7bf1ab5,1640451648,1640451648,210.0,6330.0,2021-12-25 17:00:55 UTC
